AlertName,Config_Id,ConfigObjId,Altert_Id1,Alert_Id2
Susar_quant_29julySB__9,3254,3236,227933,228033
Susar_quant_29julySB__9,3254,3236,227934,228034
Susar_quant_29julySB__9,3254,3236,227935,228035
Susar_quant_29julySB__9,3254,3236,227936,228036
Susar_quant_29julySB__9,3254,3236,227937,228037
Susar_quant_29julySB__9,3254,3236,227938,228038
Susar_quant_29julySB__9,3254,3236,227939,228039
Susar_quant_29julySB__9,3254,3236,227940,226990
Susar_quant_29julySB__9,3254,3236,227102,226991
Susar_quant_29julySB__9,3254,3236,227103,226992
Susar_quant_29julySB__9,3254,3236,227104,226993
Susar_quant_29julySB__9,3254,3236,227105,226994
Susar_quant_29julySB__9,3254,3236,227106,226995
Susar_quant_29julySB__9,3254,3236,227107,226996
Susar_quant_29julySB__9,3254,3236,227108,226997
Susar_quant_29julySB__9,3254,3236,227109,226998
Susar_quant_29julySB__9,3254,3236,227110,226999
Susar_quant_29julySB__9,3254,3236,227111,227000
Susar_quant_29julySB__9,3254,3236,227112,227001
Susar_quant_29julySB__9,3254,3236,227113,227002
Susar_quant_29julySB__9,3254,3236,227114,227003
Susar_quant_29julySB__9,3254,3236,227115,227004
Susar_quant_29julySB__9,3254,3236,227116,227005
Susar_quant_29julySB__9,3254,3236,227343,227230
Susar_quant_29julySB__9,3254,3236,227344,227231
Susar_quant_29julySB__9,3254,3236,227345,227232
Susar_quant_29julySB__9,3254,3236,227346,227233
Susar_quant_29julySB__9,3254,3236,227347,227234
Susar_quant_29julySB__9,3254,3236,227348,227235
Susar_quant_29julySB__9,3254,3236,227349,227236
Susar_quant_29julySB__9,3254,3236,227350,227237
Susar_quant_29julySB__9,3254,3236,227351,227238
Susar_quant_29julySB__9,3254,3236,227352,227239
Susar_quant_29julySB__9,3254,3236,227353,227240
Susar_quant_29julySB__9,3254,3236,227354,227241
Susar_quant_29julySB__9,3254,3236,227355,227242
Susar_quant_29julySB__9,3254,3236,227356,227243
Susar_quant_29julySB__9,3254,3236,227357,227244
Susar_quant_29julySB__9,3254,3236,227358,227245
Susar_quant_29julySB__9,3254,3236,227392,227359
Susar_quant_29julySB__9,3254,3236,227393,227360
Susar_quant_29julySB__9,3254,3236,227394,227361
Susar_quant_29julySB__9,3254,3236,227395,227362
Susar_quant_29julySB__9,3254,3236,227396,227363
Susar_quant_29julySB__9,3254,3236,227397,227364
Susar_quant_29julySB__9,3254,3236,227398,227365
Susar_quant_29julySB__9,3254,3236,227399,227366
Susar_quant_29julySB__9,3254,3236,227400,227367
Susar_quant_29julySB__9,3254,3236,227401,227368
Susar_quant_29julySB__9,3254,3236,227402,227668
Susar_quant_29julySB__9,3254,3236,227403,227671
Susar_quant_29julySB__9,3254,3236,227404,227674
Susar_quant_29julySB__9,3254,3236,227405,227677
Susar_quant_29julySB__9,3254,3236,227406,227681
Susar_quant_29julySB__9,3254,3236,227941,227684
Susar_quant_29julySB__9,3254,3236,227117,227687
Susar_quant_29julySB__9,3254,3236,227118,227690
Susar_quant_29julySB__9,3254,3236,227119,227694
Susar_quant_29julySB__9,3254,3236,227120,227697
Susar_quant_29julySB__9,3254,3236,227121,227700
Susar_quant_29julySB__9,3254,3236,227122,227703
Susar_quant_29julySB__9,3254,3236,227123,227706
Susar_quant_29julySB__9,3254,3236,227124,227709
Susar_quant_29julySB__9,3254,3236,227125,227712
Susar_quant_29julySB__9,3254,3236,227126,227715
Susar_quant_29julySB__9,3254,3236,227127,228040
Susar_quant_29julySB__9,3254,3236,227128,228041
Susar_quant_29julySB__9,3254,3236,227129,228042
Susar_quant_29julySB__9,3254,3236,227130,228043
Susar_quant_29julySB__9,3254,3236,227131,228044
Susar_quant_29julySB__9,3254,3236,227132,228045
Susar_quant_29julySB__9,3254,3236,227407,228046
Susar_quant_29julySB__9,3254,3236,227408,228047
Susar_quant_29julySB__9,3254,3236,227409,228048
Susar_quant_29julySB__9,3254,3236,227410,228049
Susar_quant_29julySB__9,3254,3236,227411,228050
Susar_quant_29julySB__9,3254,3236,227412,228051
Susar_quant_29julySB__9,3254,3236,227413,228052
Susar_quant_29julySB__9,3254,3236,227414,228053
Susar_quant_29julySB__9,3254,3236,227415,228054
Susar_quant_29julySB__9,3254,3236,227416,228055
Susar_quant_29julySB__9,3254,3236,227417,227006
Susar_quant_29julySB__9,3254,3236,227133,227007
Susar_quant_29julySB__9,3254,3236,227134,227008
Susar_quant_29julySB__9,3254,3236,227135,227009
Susar_quant_29julySB__9,3254,3236,227136,227010
Susar_quant_29julySB__9,3254,3236,227137,227011
Susar_quant_29julySB__9,3254,3236,227138,227012
Susar_quant_29julySB__9,3254,3236,227139,227013
Susar_quant_29julySB__9,3254,3236,227140,227014
Susar_quant_29julySB__9,3254,3236,227141,227015
Susar_quant_29julySB__9,3254,3236,227142,227016
Susar_quant_29julySB__9,3254,3236,227143,227017
Susar_quant_29julySB__9,3254,3236,227144,227018
Susar_quant_29julySB__9,3254,3236,227145,227019
Susar_quant_29julySB__9,3254,3236,227146,227020
Susar_quant_29julySB__9,3254,3236,227147,227021
Susar_quant_29julySB__9,3254,3236,227148,227246
Susar_quant_29julySB__9,3254,3236,227418,227247
Susar_quant_29julySB__9,3254,3236,227419,227248
Susar_quant_29julySB__9,3254,3236,227420,227249
Susar_quant_29julySB__9,3254,3236,227421,227250
Susar_quant_29julySB__9,3254,3236,227422,227251
Susar_quant_29julySB__9,3254,3236,227423,227252
Susar_quant_29julySB__9,3254,3236,227424,227253
Susar_quant_29julySB__9,3254,3236,227425,227254
Susar_quant_29julySB__9,3254,3236,227426,227255
Susar_quant_29julySB__9,3254,3236,227427,227256
Susar_quant_29julySB__9,3254,3236,227428,227257
Susar_quant_29julySB__9,3254,3236,227429,227258
Susar_quant_29julySB__9,3254,3236,227430,227259
Susar_quant_29julySB__9,3254,3236,227431,227260
Susar_quant_29julySB__9,3254,3236,227432,227261
Susar_quant_29julySB__9,3254,3236,227433,227262
Susar_quant_29julySB__9,3254,3236,227434,227718
Susar_quant_29julySB__9,3254,3236,227942,227722
Susar_quant_29julySB__9,3254,3236,227943,227725
Susar_quant_29julySB__9,3254,3236,227944,227728
Susar_quant_29julySB__9,3254,3236,227945,227731
Susar_quant_29julySB__9,3254,3236,227946,227734
Susar_quant_29julySB__9,3254,3236,227947,227737
Susar_quant_29julySB__9,3254,3236,227948,227740
Susar_quant_29julySB__9,3254,3236,227949,227742
Susar_quant_29julySB__9,3254,3236,227950,227745
Susar_quant_29julySB__9,3254,3236,227951,227748
Susar_quant_29julySB__9,3254,3236,227952,227751
Susar_quant_29julySB__9,3254,3236,227953,227754
Susar_quant_29julySB__9,3254,3236,227954,227757
Susar_quant_29julySB__9,3254,3236,227955,227760
Susar_quant_29julySB__9,3254,3236,227956,227763
Susar_quant_29julySB__9,3254,3236,227957,228056
Susar_quant_29julySB__9,3254,3236,226917,228057
Susar_quant_29julySB__9,3254,3236,226918,228058
Susar_quant_29julySB__9,3254,3236,226919,228059
Susar_quant_29julySB__9,3254,3236,226920,228060
Susar_quant_29julySB__9,3254,3236,226921,228061
Susar_quant_29julySB__9,3254,3236,226922,228062
Susar_quant_29julySB__9,3254,3236,226923,228063
Susar_quant_29julySB__9,3254,3236,226924,228064
Susar_quant_29julySB__9,3254,3236,226925,228065
Susar_quant_29julySB__9,3254,3236,227149,228066
Susar_quant_29julySB__9,3254,3236,227150,228067
Susar_quant_29julySB__9,3254,3236,227151,228068
Susar_quant_29julySB__9,3254,3236,227152,228069
Susar_quant_29julySB__9,3254,3236,227153,228070
Susar_quant_29julySB__9,3254,3236,227154,228071
Susar_quant_29julySB__9,3254,3236,227155,227022
Susar_quant_29julySB__9,3254,3236,227156,227023
Susar_quant_29julySB__9,3254,3236,227157,227024
Susar_quant_29julySB__9,3254,3236,227158,227025
Susar_quant_29julySB__9,3254,3236,227159,227026
Susar_quant_29julySB__9,3254,3236,227160,227027
Susar_quant_29julySB__9,3254,3236,227161,227028
Susar_quant_29julySB__9,3254,3236,227162,227029
Susar_quant_29julySB__9,3254,3236,227163,227030
Susar_quant_29julySB__9,3254,3236,227164,227031
Susar_quant_29julySB__9,3254,3236,227435,227032
Susar_quant_29julySB__9,3254,3236,227436,227033
Susar_quant_29julySB__9,3254,3236,227437,227034
Susar_quant_29julySB__9,3254,3236,227438,227035
Susar_quant_29julySB__9,3254,3236,227439,227036
Susar_quant_29julySB__9,3254,3236,227440,227037
Susar_quant_29julySB__9,3254,3236,227441,227263
Susar_quant_29julySB__9,3254,3236,227442,227264
Susar_quant_29julySB__9,3254,3236,227443,227265
Susar_quant_29julySB__9,3254,3236,227444,227266
Susar_quant_29julySB__9,3254,3236,227445,227267
Susar_quant_29julySB__9,3254,3236,227446,227268
Susar_quant_29julySB__9,3254,3236,227447,227269
Susar_quant_29julySB__9,3254,3236,227448,227270
Susar_quant_29julySB__9,3254,3236,227449,227271
Susar_quant_29julySB__9,3254,3236,227450,227272
Susar_quant_29julySB__9,3254,3236,227958,227273
Susar_quant_29julySB__9,3254,3236,227959,227274
Susar_quant_29julySB__9,3254,3236,227960,227275
Susar_quant_29julySB__9,3254,3236,227961,227276
Susar_quant_29julySB__9,3254,3236,227962,227277
Susar_quant_29julySB__9,3254,3236,227963,227278
Susar_quant_29julySB__9,3254,3236,227964,227766
Susar_quant_29julySB__9,3254,3236,227965,227769
Susar_quant_29julySB__9,3254,3236,227966,227772
Susar_quant_29julySB__9,3254,3236,227967,227775
Susar_quant_29julySB__9,3254,3236,227968,227778
Susar_quant_29julySB__9,3254,3236,227969,227781
Susar_quant_29julySB__9,3254,3236,227970,227784
Susar_quant_29julySB__9,3254,3236,227971,227787
Susar_quant_29julySB__9,3254,3236,227972,227790
Susar_quant_29julySB__9,3254,3236,227973,227793
Susar_quant_29julySB__9,3254,3236,226926,227796
Susar_quant_29julySB__9,3254,3236,226927,227799
Susar_quant_29julySB__9,3254,3236,226928,227802
Susar_quant_29julySB__9,3254,3236,226929,227805
Susar_quant_29julySB__9,3254,3236,226930,227807
Susar_quant_29julySB__9,3254,3236,226931,227810
Susar_quant_29julySB__9,3254,3236,226932,228072
Susar_quant_29julySB__9,3254,3236,226933,228073
Susar_quant_29julySB__9,3254,3236,226934,228074
Susar_quant_29julySB__9,3254,3236,226935,228075
Susar_quant_29julySB__9,3254,3236,226936,228076
Susar_quant_29julySB__9,3254,3236,226937,228077
Susar_quant_29julySB__9,3254,3236,226938,228078
Susar_quant_29julySB__9,3254,3236,226939,228079
Susar_quant_29julySB__9,3254,3236,226940,228080
Susar_quant_29julySB__9,3254,3236,226941,228081
Susar_quant_29julySB__9,3254,3236,227165,228083
Susar_quant_29julySB__9,3254,3236,227166,226881
Susar_quant_29julySB__9,3254,3236,227167,226882
Susar_quant_29julySB__9,3254,3236,227168,226883
Susar_quant_29julySB__9,3254,3236,227169,227038
Susar_quant_29julySB__9,3254,3236,227170,227039
Susar_quant_29julySB__9,3254,3236,227171,227040
Susar_quant_29julySB__9,3254,3236,227172,227041
Susar_quant_29julySB__9,3254,3236,227173,227042
Susar_quant_29julySB__9,3254,3236,227174,227043
Susar_quant_29julySB__9,3254,3236,227175,227044
Susar_quant_29julySB__9,3254,3236,227176,227045
Susar_quant_29julySB__9,3254,3236,227177,227046
Susar_quant_29julySB__9,3254,3236,227178,227047
Susar_quant_29julySB__9,3254,3236,227179,227048
Susar_quant_29julySB__9,3254,3236,227180,227049
Susar_quant_29julySB__9,3254,3236,227451,227050
Susar_quant_29julySB__9,3254,3236,227452,227051
Susar_quant_29julySB__9,3254,3236,227453,227052
Susar_quant_29julySB__9,3254,3236,227454,227053
Susar_quant_29julySB__9,3254,3236,227455,227279
Susar_quant_29julySB__9,3254,3236,227456,227280
Susar_quant_29julySB__9,3254,3236,227457,227281
Susar_quant_29julySB__9,3254,3236,227458,227282
Susar_quant_29julySB__9,3254,3236,227459,227283
Susar_quant_29julySB__9,3254,3236,227460,227284
Susar_quant_29julySB__9,3254,3236,227462,227285
Susar_quant_29julySB__9,3254,3236,227466,227286
Susar_quant_29julySB__9,3254,3236,227471,227287
Susar_quant_29julySB__9,3254,3236,227475,227288
Susar_quant_29julySB__9,3254,3236,227480,227289
Susar_quant_29julySB__9,3254,3236,227484,227290
Susar_quant_29julySB__9,3254,3236,227488,227291
Susar_quant_29julySB__9,3254,3236,227974,227292
Susar_quant_29julySB__9,3254,3236,227975,227293
Susar_quant_29julySB__9,3254,3236,227976,227294
Susar_quant_29julySB__9,3254,3236,227977,227813
Susar_quant_29julySB__9,3254,3236,227978,227816
Susar_quant_29julySB__9,3254,3236,227979,227818
Susar_quant_29julySB__9,3254,3236,227980,227821
Susar_quant_29julySB__9,3254,3236,227981,227824
Susar_quant_29julySB__9,3254,3236,227982,227827
Susar_quant_29julySB__9,3254,3236,227983,227830
Susar_quant_29julySB__9,3254,3236,227984,227833
Susar_quant_29julySB__9,3254,3236,227985,227836
Susar_quant_29julySB__9,3254,3236,227986,227839
Susar_quant_29julySB__9,3254,3236,227987,227842
Susar_quant_29julySB__9,3254,3236,227988,227844
Susar_quant_29julySB__9,3254,3236,227989,227847
Susar_quant_29julySB__9,3254,3236,226942,227850
Susar_quant_29julySB__9,3254,3236,226943,227853
Susar_quant_29julySB__9,3254,3236,226944,227856
Susar_quant_29julySB__9,3254,3236,226945,226884
Susar_quant_29julySB__9,3254,3236,226946,226885
Susar_quant_29julySB__9,3254,3236,226947,226886
Susar_quant_29julySB__9,3254,3236,226948,226887
Susar_quant_29julySB__9,3254,3236,226949,226888
Susar_quant_29julySB__9,3254,3236,226950,226889
Susar_quant_29julySB__9,3254,3236,226951,226890
Susar_quant_29julySB__9,3254,3236,226952,226891
Susar_quant_29julySB__9,3254,3236,226953,226892
Susar_quant_29julySB__9,3254,3236,226954,226893
Susar_quant_29julySB__9,3254,3236,226955,226894
Susar_quant_29julySB__9,3254,3236,226956,226895
Susar_quant_29julySB__9,3254,3236,226957,226896
Susar_quant_29julySB__9,3254,3236,227181,226897
Susar_quant_29julySB__9,3254,3236,227182,226898
Susar_quant_29julySB__9,3254,3236,227183,226899
Susar_quant_29julySB__9,3254,3236,227184,227054
Susar_quant_29julySB__9,3254,3236,227185,227055
Susar_quant_29julySB__9,3254,3236,227186,227056
Susar_quant_29julySB__9,3254,3236,227187,227057
Susar_quant_29julySB__9,3254,3236,227188,227058
Susar_quant_29julySB__9,3254,3236,227189,227059
Susar_quant_29julySB__9,3254,3236,227190,227060
Susar_quant_29julySB__9,3254,3236,227191,227061
Susar_quant_29julySB__9,3254,3236,227192,227062
Susar_quant_29julySB__9,3254,3236,227193,227063
Susar_quant_29julySB__9,3254,3236,227194,227064
Susar_quant_29julySB__9,3254,3236,227195,227065
Susar_quant_29julySB__9,3254,3236,227196,227066
Susar_quant_29julySB__9,3254,3236,227491,227067
Susar_quant_29julySB__9,3254,3236,227496,227068
Susar_quant_29julySB__9,3254,3236,227500,227069
Susar_quant_29julySB__9,3254,3236,227504,227295
Susar_quant_29julySB__9,3254,3236,227509,227296
Susar_quant_29julySB__9,3254,3236,227513,227297
Susar_quant_29julySB__9,3254,3236,227517,227298
Susar_quant_29julySB__9,3254,3236,227522,227299
Susar_quant_29julySB__9,3254,3236,227525,227300
Susar_quant_29julySB__9,3254,3236,227529,227301
Susar_quant_29julySB__9,3254,3236,227533,227302
Susar_quant_29julySB__9,3254,3236,227536,227303
Susar_quant_29julySB__9,3254,3236,227540,227304
Susar_quant_29julySB__9,3254,3236,227544,227305
Susar_quant_29julySB__9,3254,3236,227547,227306
Susar_quant_29julySB__9,3254,3236,227551,227307
Susar_quant_29julySB__9,3254,3236,227990,227308
Susar_quant_29julySB__9,3254,3236,227991,227309
Susar_quant_29julySB__9,3254,3236,227992,227310
Susar_quant_29julySB__9,3254,3236,227993,227858
Susar_quant_29julySB__9,3254,3236,227994,227861
Susar_quant_29julySB__9,3254,3236,227995,227864
Susar_quant_29julySB__9,3254,3236,227996,227867
Susar_quant_29julySB__9,3254,3236,227997,227870
Susar_quant_29julySB__9,3254,3236,227998,227873
Susar_quant_29julySB__9,3254,3236,227999,227875
Susar_quant_29julySB__9,3254,3236,228000,227878
Susar_quant_29julySB__9,3254,3236,228001,227881
Susar_quant_29julySB__9,3254,3236,228002,227884
Susar_quant_29julySB__9,3254,3236,228003,227887
Susar_quant_29julySB__9,3254,3236,228004,227889
Susar_quant_29julySB__9,3254,3236,228005,227892
Susar_quant_29julySB__9,3254,3236,226958,227895
Susar_quant_29julySB__9,3254,3236,226959,227898
Susar_quant_29julySB__9,3254,3236,226960,227900
Susar_quant_29julySB__9,3254,3236,226961,226900
Susar_quant_29julySB__9,3254,3236,226962,226901
Susar_quant_29julySB__9,3254,3236,226963,226902
Susar_quant_29julySB__9,3254,3236,226964,226903
Susar_quant_29julySB__9,3254,3236,226965,226904
Susar_quant_29julySB__9,3254,3236,226966,226905
Susar_quant_29julySB__9,3254,3236,226967,226906
Susar_quant_29julySB__9,3254,3236,226968,226907
Susar_quant_29julySB__9,3254,3236,226969,226908
Susar_quant_29julySB__9,3254,3236,226970,226909
Susar_quant_29julySB__9,3254,3236,226971,226910
Susar_quant_29julySB__9,3254,3236,226972,226911
Susar_quant_29julySB__9,3254,3236,226973,226912
Susar_quant_29julySB__9,3254,3236,227197,226913
Susar_quant_29julySB__9,3254,3236,227198,226914
Susar_quant_29julySB__9,3254,3236,227199,226915
Susar_quant_29julySB__9,3254,3236,227200,226916
Susar_quant_29julySB__9,3254,3236,227201,227070
Susar_quant_29julySB__9,3254,3236,227202,227071
Susar_quant_29julySB__9,3254,3236,227203,227072
Susar_quant_29julySB__9,3254,3236,227204,227073
Susar_quant_29julySB__9,3254,3236,227205,227074
Susar_quant_29julySB__9,3254,3236,227206,227075
Susar_quant_29julySB__9,3254,3236,227207,227076
Susar_quant_29julySB__9,3254,3236,227208,227077
Susar_quant_29julySB__9,3254,3236,227209,227078
Susar_quant_29julySB__9,3254,3236,227210,227079
Susar_quant_29julySB__9,3254,3236,227211,227080
Susar_quant_29julySB__9,3254,3236,227212,227081
Susar_quant_29julySB__9,3254,3236,227555,227082
Susar_quant_29julySB__9,3254,3236,227558,227083
Susar_quant_29julySB__9,3254,3236,227562,227084
Susar_quant_29julySB__9,3254,3236,227565,227085
Susar_quant_29julySB__9,3254,3236,227569,227311
Susar_quant_29julySB__9,3254,3236,227573,227312
Susar_quant_29julySB__9,3254,3236,227576,227313
Susar_quant_29julySB__9,3254,3236,227580,227314
Susar_quant_29julySB__9,3254,3236,227583,227315
Susar_quant_29julySB__9,3254,3236,227587,227316
Susar_quant_29julySB__9,3254,3236,227591,227317
Susar_quant_29julySB__9,3254,3236,227594,227318
Susar_quant_29julySB__9,3254,3236,227597,227319
Susar_quant_29julySB__9,3254,3236,227600,227320
Susar_quant_29julySB__9,3254,3236,227604,227321
Susar_quant_29julySB__9,3254,3236,227607,227322
Susar_quant_29julySB__9,3254,3236,228006,227323
Susar_quant_29julySB__9,3254,3236,228007,227324
Susar_quant_29julySB__9,3254,3236,228008,227325
Susar_quant_29julySB__9,3254,3236,228009,227326
Susar_quant_29julySB__9,3254,3236,228010,227369
Susar_quant_29julySB__9,3254,3236,228011,227370
Susar_quant_29julySB__9,3254,3236,228012,227371
Susar_quant_29julySB__9,3254,3236,228013,227372
Susar_quant_29julySB__9,3254,3236,228014,227373
Susar_quant_29julySB__9,3254,3236,228015,227374
Susar_quant_29julySB__9,3254,3236,228016,227903
Susar_quant_29julySB__9,3254,3236,228017,227906
Susar_quant_29julySB__9,3254,3236,228018,227908
Susar_quant_29julySB__9,3254,3236,228019,227911
Susar_quant_29julySB__9,3254,3236,228020,227914
Susar_quant_29julySB__9,3254,3236,228021,227915
Susar_quant_29julySB__9,3254,3236,228022,227916
Susar_quant_29julySB__9,3254,3236,226974,227917
Susar_quant_29julySB__9,3254,3236,226975,227918
Susar_quant_29julySB__9,3254,3236,226976,227919
Susar_quant_29julySB__9,3254,3236,226977,227920
Susar_quant_29julySB__9,3254,3236,226978,227921
Susar_quant_29julySB__9,3254,3236,226979,227922
Susar_quant_29julySB__9,3254,3236,226980,227923
Susar_quant_29julySB__9,3254,3236,226981,227924
Susar_quant_29julySB__9,3254,3236,226982,227925
Susar_quant_29julySB__9,3254,3236,226983,227086
Susar_quant_29julySB__9,3254,3236,226984,227087
Susar_quant_29julySB__9,3254,3236,226985,227088
Susar_quant_29julySB__9,3254,3236,226986,227089
Susar_quant_29julySB__9,3254,3236,226987,227090
Susar_quant_29julySB__9,3254,3236,226988,227091
Susar_quant_29julySB__9,3254,3236,226989,227092
Susar_quant_29julySB__9,3254,3236,227213,227093
Susar_quant_29julySB__9,3254,3236,227214,227094
Susar_quant_29julySB__9,3254,3236,227215,227095
Susar_quant_29julySB__9,3254,3236,227216,227096
Susar_quant_29julySB__9,3254,3236,227217,227097
Susar_quant_29julySB__9,3254,3236,227218,227098
Susar_quant_29julySB__9,3254,3236,227219,227099
Susar_quant_29julySB__9,3254,3236,227220,227100
Susar_quant_29julySB__9,3254,3236,227221,227101
Susar_quant_29julySB__9,3254,3236,227222,227327
Susar_quant_29julySB__9,3254,3236,227223,227328
Susar_quant_29julySB__9,3254,3236,227224,227329
Susar_quant_29julySB__9,3254,3236,227225,227330
Susar_quant_29julySB__9,3254,3236,227226,227331
Susar_quant_29julySB__9,3254,3236,227227,227332
Susar_quant_29julySB__9,3254,3236,227228,227333
Susar_quant_29julySB__9,3254,3236,227229,227334
Susar_quant_29julySB__9,3254,3236,227611,227335
Susar_quant_29julySB__9,3254,3236,227614,227336
Susar_quant_29julySB__9,3254,3236,227618,227337
Susar_quant_29julySB__9,3254,3236,227621,227338
Susar_quant_29julySB__9,3254,3236,227625,227339
Susar_quant_29julySB__9,3254,3236,227628,227340
Susar_quant_29julySB__9,3254,3236,227631,227341
Susar_quant_29julySB__9,3254,3236,227635,227342
Susar_quant_29julySB__9,3254,3236,227638,227375
Susar_quant_29julySB__9,3254,3236,227642,227376
Susar_quant_29julySB__9,3254,3236,227645,227377
Susar_quant_29julySB__9,3254,3236,227648,227378
Susar_quant_29julySB__9,3254,3236,227651,227379
Susar_quant_29julySB__9,3254,3236,227655,227380
Susar_quant_29julySB__9,3254,3236,227658,227381
Susar_quant_29julySB__9,3254,3236,227661,227382
Susar_quant_29julySB__9,3254,3236,227664,227383
Susar_quant_29julySB__9,3254,3236,228023,227384
Susar_quant_29julySB__9,3254,3236,228024,227385
Susar_quant_29julySB__9,3254,3236,228025,227386
Susar_quant_29julySB__9,3254,3236,228026,227387
Susar_quant_29julySB__9,3254,3236,228027,227388
Susar_quant_29julySB__9,3254,3236,227390,227389
Susar_quant_29julyS__9,3216,3167,221650,221088
Susar_quant_29julyS__9,3216,3167,221651,221089
Susar_quant_29julyS__9,3216,3167,221652,221090
Susar_quant_29julyS__9,3216,3167,221653,221091
Susar_quant_29julyS__9,3216,3167,221654,221092
Susar_quant_29julyS__9,3216,3167,221655,221093
Susar_quant_29julyS__9,3216,3167,221656,221094
Susar_quant_29julyS__9,3216,3167,221657,221095
Susar_quant_29julyS__9,3216,3167,221658,221096
Susar_quant_29julyS__9,3216,3167,221659,221097
Susar_quant_29julyS__9,3216,3167,221660,221098
Susar_quant_29julyS__9,3216,3167,221661,221099
Susar_quant_29julyS__9,3216,3167,221662,221100
Susar_quant_29julyS__9,3216,3167,221663,221344
Susar_quant_29julyS__9,3216,3167,221664,221345
Susar_quant_29julyS__9,3216,3167,221665,221346
Susar_quant_29julyS__9,3216,3167,221666,221347
Susar_quant_29julyS__9,3216,3167,221230,221348
Susar_quant_29julyS__9,3216,3167,221231,221349
Susar_quant_29julyS__9,3216,3167,221232,221350
Susar_quant_29julyS__9,3216,3167,221233,221351
Susar_quant_29julyS__9,3216,3167,221234,221352
Susar_quant_29julyS__9,3216,3167,221235,221353
Susar_quant_29julyS__9,3216,3167,221236,221354
Susar_quant_29julyS__9,3216,3167,221237,221355
Susar_quant_29julyS__9,3216,3167,221238,221356
Susar_quant_29julyS__9,3216,3167,221239,221357
Susar_quant_29julyS__9,3216,3167,221240,221358
Susar_quant_29julyS__9,3216,3167,221241,221359
Susar_quant_29julyS__9,3216,3167,221242,221525
Susar_quant_29julyS__9,3216,3167,221243,221526
Susar_quant_29julyS__9,3216,3167,221244,221527
Susar_quant_29julyS__9,3216,3167,221245,221528
Susar_quant_29julyS__9,3216,3167,221246,221529
Susar_quant_29julyS__9,3216,3167,221411,221530
Susar_quant_29julyS__9,3216,3167,221412,221531
Susar_quant_29julyS__9,3216,3167,221413,221532
Susar_quant_29julyS__9,3216,3167,221414,221533
Susar_quant_29julyS__9,3216,3167,221415,221782
Susar_quant_29julyS__9,3216,3167,221416,221783
Susar_quant_29julyS__9,3216,3167,221417,221784
Susar_quant_29julyS__9,3216,3167,221418,221785
Susar_quant_29julyS__9,3216,3167,221419,221786
Susar_quant_29julyS__9,3216,3167,221420,221787
Susar_quant_29julyS__9,3216,3167,221421,221788
Susar_quant_29julyS__9,3216,3167,221422,220930
Susar_quant_29julyS__9,3216,3167,221423,220931
Susar_quant_29julyS__9,3216,3167,221424,220932
Susar_quant_29julyS__9,3216,3167,221425,220933
Susar_quant_29julyS__9,3216,3167,221667,220934
Susar_quant_29julyS__9,3216,3167,221668,220935
Susar_quant_29julyS__9,3216,3167,221669,220936
Susar_quant_29julyS__9,3216,3167,221670,220937
Susar_quant_29julyS__9,3216,3167,221671,220938
Susar_quant_29julyS__9,3216,3167,221672,220939
Susar_quant_29julyS__9,3216,3167,221673,220940
Susar_quant_29julyS__9,3216,3167,221674,220941
Susar_quant_29julyS__9,3216,3167,221675,220942
Susar_quant_29julyS__9,3216,3167,221676,220943
Susar_quant_29julyS__9,3216,3167,221677,220944
Susar_quant_29julyS__9,3216,3167,221678,220945
Susar_quant_29julyS__9,3216,3167,221679,220946
Susar_quant_29julyS__9,3216,3167,221680,221101
Susar_quant_29julyS__9,3216,3167,221681,221102
Susar_quant_29julyS__9,3216,3167,221682,221103
Susar_quant_29julyS__9,3216,3167,221247,221104
Susar_quant_29julyS__9,3216,3167,221248,221105
Susar_quant_29julyS__9,3216,3167,221249,221106
Susar_quant_29julyS__9,3216,3167,221250,221107
Susar_quant_29julyS__9,3216,3167,221251,221108
Susar_quant_29julyS__9,3216,3167,221252,221109
Susar_quant_29julyS__9,3216,3167,221253,221110
Susar_quant_29julyS__9,3216,3167,221254,221111
Susar_quant_29julyS__9,3216,3167,221255,221112
Susar_quant_29julyS__9,3216,3167,221256,221113
Susar_quant_29julyS__9,3216,3167,221257,221114
Susar_quant_29julyS__9,3216,3167,221258,221115
Susar_quant_29julyS__9,3216,3167,221259,221116
Susar_quant_29julyS__9,3216,3167,221260,221360
Susar_quant_29julyS__9,3216,3167,221261,221361
Susar_quant_29julyS__9,3216,3167,221262,221362
Susar_quant_29julyS__9,3216,3167,221426,221363
Susar_quant_29julyS__9,3216,3167,221427,221364
Susar_quant_29julyS__9,3216,3167,221428,221365
Susar_quant_29julyS__9,3216,3167,221429,221366
Susar_quant_29julyS__9,3216,3167,221430,221367
Susar_quant_29julyS__9,3216,3167,221431,221368
Susar_quant_29julyS__9,3216,3167,221432,221369
Susar_quant_29julyS__9,3216,3167,221433,221370
Susar_quant_29julyS__9,3216,3167,221434,221371
Susar_quant_29julyS__9,3216,3167,221435,221372
Susar_quant_29julyS__9,3216,3167,221436,221373
Susar_quant_29julyS__9,3216,3167,221437,221374
Susar_quant_29julyS__9,3216,3167,221438,221375
Susar_quant_29julyS__9,3216,3167,221439,221376
Susar_quant_29julyS__9,3216,3167,221440,221534
Susar_quant_29julyS__9,3216,3167,221441,221535
Susar_quant_29julyS__9,3216,3167,221442,221536
Susar_quant_29julyS__9,3216,3167,221683,221537
Susar_quant_29julyS__9,3216,3167,221684,221538
Susar_quant_29julyS__9,3216,3167,221685,221539
Susar_quant_29julyS__9,3216,3167,221686,221540
Susar_quant_29julyS__9,3216,3167,221687,221541
Susar_quant_29julyS__9,3216,3167,221688,221542
Susar_quant_29julyS__9,3216,3167,221689,221543
Susar_quant_29julyS__9,3216,3167,221690,221544
Susar_quant_29julyS__9,3216,3167,221691,221545
Susar_quant_29julyS__9,3216,3167,221692,221546
Susar_quant_29julyS__9,3216,3167,221693,221547
Susar_quant_29julyS__9,3216,3167,221694,221548
Susar_quant_29julyS__9,3216,3167,221695,221549
Susar_quant_29julyS__9,3216,3167,221696,221550
Susar_quant_29julyS__9,3216,3167,221697,220947
Susar_quant_29julyS__9,3216,3167,221698,220948
Susar_quant_29julyS__9,3216,3167,221263,220949
Susar_quant_29julyS__9,3216,3167,221264,220950
Susar_quant_29julyS__9,3216,3167,221265,220951
Susar_quant_29julyS__9,3216,3167,221266,220952
Susar_quant_29julyS__9,3216,3167,221267,220953
Susar_quant_29julyS__9,3216,3167,221268,220954
Susar_quant_29julyS__9,3216,3167,221269,220955
Susar_quant_29julyS__9,3216,3167,221270,220956
Susar_quant_29julyS__9,3216,3167,221271,220957
Susar_quant_29julyS__9,3216,3167,221272,220958
Susar_quant_29julyS__9,3216,3167,221273,220959
Susar_quant_29julyS__9,3216,3167,221274,220960
Susar_quant_29julyS__9,3216,3167,221275,220961
Susar_quant_29julyS__9,3216,3167,221276,220962
Susar_quant_29julyS__9,3216,3167,221277,221117
Susar_quant_29julyS__9,3216,3167,221278,221118
Susar_quant_29julyS__9,3216,3167,221279,221119
Susar_quant_29julyS__9,3216,3167,221443,221120
Susar_quant_29julyS__9,3216,3167,221444,221121
Susar_quant_29julyS__9,3216,3167,221445,221122
Susar_quant_29julyS__9,3216,3167,221446,221123
Susar_quant_29julyS__9,3216,3167,221447,221124
Susar_quant_29julyS__9,3216,3167,221448,221125
Susar_quant_29julyS__9,3216,3167,221449,221126
Susar_quant_29julyS__9,3216,3167,221450,221127
Susar_quant_29julyS__9,3216,3167,221451,221128
Susar_quant_29julyS__9,3216,3167,221452,221129
Susar_quant_29julyS__9,3216,3167,221453,221130
Susar_quant_29julyS__9,3216,3167,221454,221131
Susar_quant_29julyS__9,3216,3167,221455,221132
Susar_quant_29julyS__9,3216,3167,221456,221377
Susar_quant_29julyS__9,3216,3167,221457,221378
Susar_quant_29julyS__9,3216,3167,221458,221379
Susar_quant_29julyS__9,3216,3167,221699,221380
Susar_quant_29julyS__9,3216,3167,221700,221381
Susar_quant_29julyS__9,3216,3167,221701,221382
Susar_quant_29julyS__9,3216,3167,221702,221383
Susar_quant_29julyS__9,3216,3167,221703,221384
Susar_quant_29julyS__9,3216,3167,221704,221385
Susar_quant_29julyS__9,3216,3167,221705,221386
Susar_quant_29julyS__9,3216,3167,221706,221387
Susar_quant_29julyS__9,3216,3167,221707,221388
Susar_quant_29julyS__9,3216,3167,221708,221389
Susar_quant_29julyS__9,3216,3167,221709,221390
Susar_quant_29julyS__9,3216,3167,221710,221391
Susar_quant_29julyS__9,3216,3167,221711,221392
Susar_quant_29julyS__9,3216,3167,221712,221393
Susar_quant_29julyS__9,3216,3167,221713,221551
Susar_quant_29julyS__9,3216,3167,221714,221552
Susar_quant_29julyS__9,3216,3167,221715,221553
Susar_quant_29julyS__9,3216,3167,221031,221554
Susar_quant_29julyS__9,3216,3167,221032,221555
Susar_quant_29julyS__9,3216,3167,221033,221556
Susar_quant_29julyS__9,3216,3167,221034,221557
Susar_quant_29julyS__9,3216,3167,221035,221558
Susar_quant_29julyS__9,3216,3167,221280,221559
Susar_quant_29julyS__9,3216,3167,221281,221560
Susar_quant_29julyS__9,3216,3167,221282,221561
Susar_quant_29julyS__9,3216,3167,221283,221562
Susar_quant_29julyS__9,3216,3167,221284,221563
Susar_quant_29julyS__9,3216,3167,221285,221564
Susar_quant_29julyS__9,3216,3167,221286,221565
Susar_quant_29julyS__9,3216,3167,221287,221566
Susar_quant_29julyS__9,3216,3167,221288,220963
Susar_quant_29julyS__9,3216,3167,221289,220964
Susar_quant_29julyS__9,3216,3167,221290,220965
Susar_quant_29julyS__9,3216,3167,221291,220966
Susar_quant_29julyS__9,3216,3167,221292,220967
Susar_quant_29julyS__9,3216,3167,221293,220968
Susar_quant_29julyS__9,3216,3167,221294,220969
Susar_quant_29julyS__9,3216,3167,221295,220970
Susar_quant_29julyS__9,3216,3167,221459,220971
Susar_quant_29julyS__9,3216,3167,221460,220972
Susar_quant_29julyS__9,3216,3167,221461,220973
Susar_quant_29julyS__9,3216,3167,221462,220974
Susar_quant_29julyS__9,3216,3167,221463,220975
Susar_quant_29julyS__9,3216,3167,221464,220976
Susar_quant_29julyS__9,3216,3167,221465,220977
Susar_quant_29julyS__9,3216,3167,221466,220978
Susar_quant_29julyS__9,3216,3167,221467,220979
Susar_quant_29julyS__9,3216,3167,221468,221133
Susar_quant_29julyS__9,3216,3167,221469,221134
Susar_quant_29julyS__9,3216,3167,221470,221135
Susar_quant_29julyS__9,3216,3167,221471,221136
Susar_quant_29julyS__9,3216,3167,221472,221137
Susar_quant_29julyS__9,3216,3167,221473,221138
Susar_quant_29julyS__9,3216,3167,221474,221139
Susar_quant_29julyS__9,3216,3167,221716,221140
Susar_quant_29julyS__9,3216,3167,221717,221141
Susar_quant_29julyS__9,3216,3167,221718,221142
Susar_quant_29julyS__9,3216,3167,221719,221143
Susar_quant_29julyS__9,3216,3167,221720,221144
Susar_quant_29julyS__9,3216,3167,221721,221145
Susar_quant_29julyS__9,3216,3167,221722,221146
Susar_quant_29julyS__9,3216,3167,221723,221147
Susar_quant_29julyS__9,3216,3167,221724,221148
Susar_quant_29julyS__9,3216,3167,221725,221149
Susar_quant_29julyS__9,3216,3167,221726,221394
Susar_quant_29julyS__9,3216,3167,221727,221395
Susar_quant_29julyS__9,3216,3167,221728,221396
Susar_quant_29julyS__9,3216,3167,221729,221397
Susar_quant_29julyS__9,3216,3167,221730,221398
Susar_quant_29julyS__9,3216,3167,221731,221399
Susar_quant_29julyS__9,3216,3167,221732,221400
Susar_quant_29julyS__9,3216,3167,221036,221401
Susar_quant_29julyS__9,3216,3167,221037,221402
Susar_quant_29julyS__9,3216,3167,221038,221403
Susar_quant_29julyS__9,3216,3167,221039,221404
Susar_quant_29julyS__9,3216,3167,221040,221405
Susar_quant_29julyS__9,3216,3167,221041,221406
Susar_quant_29julyS__9,3216,3167,221042,221407
Susar_quant_29julyS__9,3216,3167,221043,221408
Susar_quant_29julyS__9,3216,3167,221044,221409
Susar_quant_29julyS__9,3216,3167,221045,221410
Susar_quant_29julyS__9,3216,3167,221046,221567
Susar_quant_29julyS__9,3216,3167,221047,221568
Susar_quant_29julyS__9,3216,3167,221048,221569
Susar_quant_29julyS__9,3216,3167,221049,221570
Susar_quant_29julyS__9,3216,3167,221050,221571
Susar_quant_29julyS__9,3216,3167,221051,221572
Susar_quant_29julyS__9,3216,3167,221052,221573
Susar_quant_29julyS__9,3216,3167,221296,221574
Susar_quant_29julyS__9,3216,3167,221297,221575
Susar_quant_29julyS__9,3216,3167,221298,221576
Susar_quant_29julyS__9,3216,3167,221299,221577
Susar_quant_29julyS__9,3216,3167,221300,221578
Susar_quant_29julyS__9,3216,3167,221301,221579
Susar_quant_29julyS__9,3216,3167,221302,221580
Susar_quant_29julyS__9,3216,3167,221303,221581
Susar_quant_29julyS__9,3216,3167,221304,221582
Susar_quant_29julyS__9,3216,3167,221305,220980
Susar_quant_29julyS__9,3216,3167,221306,220981
Susar_quant_29julyS__9,3216,3167,221307,220982
Susar_quant_29julyS__9,3216,3167,221308,220983
Susar_quant_29julyS__9,3216,3167,221309,220984
Susar_quant_29julyS__9,3216,3167,221310,220985
Susar_quant_29julyS__9,3216,3167,221311,220986
Susar_quant_29julyS__9,3216,3167,221475,220987
Susar_quant_29julyS__9,3216,3167,221476,220988
Susar_quant_29julyS__9,3216,3167,221477,220989
Susar_quant_29julyS__9,3216,3167,221478,220990
Susar_quant_29julyS__9,3216,3167,221479,220991
Susar_quant_29julyS__9,3216,3167,221480,220992
Susar_quant_29julyS__9,3216,3167,221481,220993
Susar_quant_29julyS__9,3216,3167,221482,220994
Susar_quant_29julyS__9,3216,3167,221483,220995
Susar_quant_29julyS__9,3216,3167,221484,220996
Susar_quant_29julyS__9,3216,3167,221485,221150
Susar_quant_29julyS__9,3216,3167,221486,221151
Susar_quant_29julyS__9,3216,3167,221487,221152
Susar_quant_29julyS__9,3216,3167,221488,221153
Susar_quant_29julyS__9,3216,3167,221489,221154
Susar_quant_29julyS__9,3216,3167,221490,221155
Susar_quant_29julyS__9,3216,3167,221491,221156
Susar_quant_29julyS__9,3216,3167,221733,221157
Susar_quant_29julyS__9,3216,3167,221734,221158
Susar_quant_29julyS__9,3216,3167,221735,221159
Susar_quant_29julyS__9,3216,3167,221736,221160
Susar_quant_29julyS__9,3216,3167,221737,221161
Susar_quant_29julyS__9,3216,3167,221738,221162
Susar_quant_29julyS__9,3216,3167,221739,221163
Susar_quant_29julyS__9,3216,3167,221740,221164
Susar_quant_29julyS__9,3216,3167,221741,221165
Susar_quant_29julyS__9,3216,3167,221742,221583
Susar_quant_29julyS__9,3216,3167,221743,221584
Susar_quant_29julyS__9,3216,3167,221744,221585
Susar_quant_29julyS__9,3216,3167,221745,221586
Susar_quant_29julyS__9,3216,3167,221746,221587
Susar_quant_29julyS__9,3216,3167,221747,221588
Susar_quant_29julyS__9,3216,3167,221748,221589
Susar_quant_29julyS__9,3216,3167,221749,221590
Susar_quant_29julyS__9,3216,3167,221053,221591
Susar_quant_29julyS__9,3216,3167,221054,221592
Susar_quant_29julyS__9,3216,3167,221055,221593
Susar_quant_29julyS__9,3216,3167,221056,221594
Susar_quant_29julyS__9,3216,3167,221057,221595
Susar_quant_29julyS__9,3216,3167,221058,221596
Susar_quant_29julyS__9,3216,3167,221059,221597
Susar_quant_29julyS__9,3216,3167,221060,221598
Susar_quant_29julyS__9,3216,3167,221061,221599
Susar_quant_29julyS__9,3216,3167,221062,220997
Susar_quant_29julyS__9,3216,3167,221063,220998
Susar_quant_29julyS__9,3216,3167,221064,220999
Susar_quant_29julyS__9,3216,3167,221065,221000
Susar_quant_29julyS__9,3216,3167,221066,221001
Susar_quant_29julyS__9,3216,3167,221067,221002
Susar_quant_29julyS__9,3216,3167,221068,221003
Susar_quant_29julyS__9,3216,3167,221312,221004
Susar_quant_29julyS__9,3216,3167,221313,221005
Susar_quant_29julyS__9,3216,3167,221314,221006
Susar_quant_29julyS__9,3216,3167,221315,221007
Susar_quant_29julyS__9,3216,3167,221316,221008
Susar_quant_29julyS__9,3216,3167,221317,221009
Susar_quant_29julyS__9,3216,3167,221318,221010
Susar_quant_29julyS__9,3216,3167,221319,221011
Susar_quant_29julyS__9,3216,3167,221320,221012
Susar_quant_29julyS__9,3216,3167,221321,221013
Susar_quant_29julyS__9,3216,3167,221322,221166
Susar_quant_29julyS__9,3216,3167,221323,221167
Susar_quant_29julyS__9,3216,3167,221324,221168
Susar_quant_29julyS__9,3216,3167,221325,221169
Susar_quant_29julyS__9,3216,3167,221326,221170
Susar_quant_29julyS__9,3216,3167,221327,221171
Susar_quant_29julyS__9,3216,3167,221492,221172
Susar_quant_29julyS__9,3216,3167,221493,221173
Susar_quant_29julyS__9,3216,3167,221494,221174
Susar_quant_29julyS__9,3216,3167,221495,221175
Susar_quant_29julyS__9,3216,3167,221496,221176
Susar_quant_29julyS__9,3216,3167,221497,221177
Susar_quant_29julyS__9,3216,3167,221498,221178
Susar_quant_29julyS__9,3216,3167,221499,221179
Susar_quant_29julyS__9,3216,3167,221500,221180
Susar_quant_29julyS__9,3216,3167,221501,221181
Susar_quant_29julyS__9,3216,3167,221502,221600
Susar_quant_29julyS__9,3216,3167,221503,221601
Susar_quant_29julyS__9,3216,3167,221504,221602
Susar_quant_29julyS__9,3216,3167,221505,221603
Susar_quant_29julyS__9,3216,3167,221506,221604
Susar_quant_29julyS__9,3216,3167,221507,221605
Susar_quant_29julyS__9,3216,3167,221750,221606
Susar_quant_29julyS__9,3216,3167,221751,221607
Susar_quant_29julyS__9,3216,3167,221752,221608
Susar_quant_29julyS__9,3216,3167,221753,221609
Susar_quant_29julyS__9,3216,3167,221754,221610
Susar_quant_29julyS__9,3216,3167,221755,221611
Susar_quant_29julyS__9,3216,3167,221756,221612
Susar_quant_29julyS__9,3216,3167,221757,221613
Susar_quant_29julyS__9,3216,3167,221758,221614
Susar_quant_29julyS__9,3216,3167,221759,221615
Susar_quant_29julyS__9,3216,3167,221760,221616
Susar_quant_29julyS__9,3216,3167,221761,221014
Susar_quant_29julyS__9,3216,3167,221762,221015
Susar_quant_29julyS__9,3216,3167,221763,221016
Susar_quant_29julyS__9,3216,3167,221764,221017
Susar_quant_29julyS__9,3216,3167,221765,221018
Susar_quant_29julyS__9,3216,3167,220898,221019
Susar_quant_29julyS__9,3216,3167,220899,221020
Susar_quant_29julyS__9,3216,3167,220900,221021
Susar_quant_29julyS__9,3216,3167,220901,221022
Susar_quant_29julyS__9,3216,3167,220902,221023
Susar_quant_29julyS__9,3216,3167,220903,221024
Susar_quant_29julyS__9,3216,3167,220904,221025
Susar_quant_29julyS__9,3216,3167,220905,221026
Susar_quant_29julyS__9,3216,3167,220906,221027
Susar_quant_29julyS__9,3216,3167,220907,221028
Susar_quant_29julyS__9,3216,3167,220908,221029
Susar_quant_29julyS__9,3216,3167,220909,221030
Susar_quant_29julyS__9,3216,3167,220910,221182
Susar_quant_29julyS__9,3216,3167,220911,221183
Susar_quant_29julyS__9,3216,3167,220912,221184
Susar_quant_29julyS__9,3216,3167,220913,221185
Susar_quant_29julyS__9,3216,3167,221069,221186
Susar_quant_29julyS__9,3216,3167,221070,221187
Susar_quant_29julyS__9,3216,3167,221071,221188
Susar_quant_29julyS__9,3216,3167,221072,221189
Susar_quant_29julyS__9,3216,3167,221073,221190
Susar_quant_29julyS__9,3216,3167,221074,221191
Susar_quant_29julyS__9,3216,3167,221075,221192
Susar_quant_29julyS__9,3216,3167,221076,221193
Susar_quant_29julyS__9,3216,3167,221077,221194
Susar_quant_29julyS__9,3216,3167,221078,221195
Susar_quant_29julyS__9,3216,3167,221079,221196
Susar_quant_29julyS__9,3216,3167,221080,221197
Susar_quant_29julyS__9,3216,3167,221081,221617
Susar_quant_29julyS__9,3216,3167,221082,221618
Susar_quant_29julyS__9,3216,3167,221083,221619
Susar_quant_29julyS__9,3216,3167,221084,221620
Susar_quant_29julyS__9,3216,3167,221328,221621
Susar_quant_29julyS__9,3216,3167,221329,221622
Susar_quant_29julyS__9,3216,3167,221330,221623
Susar_quant_29julyS__9,3216,3167,221331,221624
Susar_quant_29julyS__9,3216,3167,221332,221625
Susar_quant_29julyS__9,3216,3167,221333,221626
Susar_quant_29julyS__9,3216,3167,221334,221627
Susar_quant_29julyS__9,3216,3167,221335,221628
Susar_quant_29julyS__9,3216,3167,221336,221629
Susar_quant_29julyS__9,3216,3167,221337,221630
Susar_quant_29julyS__9,3216,3167,221338,221631
Susar_quant_29julyS__9,3216,3167,221339,221632
Susar_quant_29julyS__9,3216,3167,221340,221633
Susar_quant_29julyS__9,3216,3167,221341,221198
Susar_quant_29julyS__9,3216,3167,221342,221199
Susar_quant_29julyS__9,3216,3167,221343,221200
Susar_quant_29julyS__9,3216,3167,221508,221201
Susar_quant_29julyS__9,3216,3167,221509,221202
Susar_quant_29julyS__9,3216,3167,221510,221203
Susar_quant_29julyS__9,3216,3167,221511,221204
Susar_quant_29julyS__9,3216,3167,221512,221205
Susar_quant_29julyS__9,3216,3167,221513,221206
Susar_quant_29julyS__9,3216,3167,221514,221207
Susar_quant_29julyS__9,3216,3167,221515,221208
Susar_quant_29julyS__9,3216,3167,221516,221209
Susar_quant_29julyS__9,3216,3167,221517,221210
Susar_quant_29julyS__9,3216,3167,221518,221211
Susar_quant_29julyS__9,3216,3167,221519,221212
Susar_quant_29julyS__9,3216,3167,221520,221213
Susar_quant_29julyS__9,3216,3167,221521,221634
Susar_quant_29julyS__9,3216,3167,221522,221635
Susar_quant_29julyS__9,3216,3167,221523,221636
Susar_quant_29julyS__9,3216,3167,221524,221637
Susar_quant_29julyS__9,3216,3167,221766,221638
Susar_quant_29julyS__9,3216,3167,221767,221639
Susar_quant_29julyS__9,3216,3167,221768,221640
Susar_quant_29julyS__9,3216,3167,221769,221641
Susar_quant_29julyS__9,3216,3167,221770,221642
Susar_quant_29julyS__9,3216,3167,221771,221643
Susar_quant_29julyS__9,3216,3167,221772,221644
Susar_quant_29julyS__9,3216,3167,221773,221645
Susar_quant_29julyS__9,3216,3167,221774,221646
Susar_quant_29julyS__9,3216,3167,221775,221647
Susar_quant_29julyS__9,3216,3167,221776,221648
Susar_quant_29julyS__9,3216,3167,221777,221649
Susar_quant_29julyS__9,3216,3167,221778,221214
Susar_quant_29julyS__9,3216,3167,221779,221215
Susar_quant_29julyS__9,3216,3167,221780,221216
Susar_quant_29julyS__9,3216,3167,221781,221217
Susar_quant_29julyS__9,3216,3167,220914,221218
Susar_quant_29julyS__9,3216,3167,220915,221219
Susar_quant_29julyS__9,3216,3167,220916,221220
Susar_quant_29julyS__9,3216,3167,220917,221221
Susar_quant_29julyS__9,3216,3167,220918,221222
Susar_quant_29julyS__9,3216,3167,220919,221223
Susar_quant_29julyS__9,3216,3167,220920,221224
Susar_quant_29julyS__9,3216,3167,220921,221225
Susar_quant_29julyS__9,3216,3167,220922,221226
Susar_quant_29julyS__9,3216,3167,220923,221227
Susar_quant_29julyS__9,3216,3167,220924,221228
Susar_quant_29julyS__9,3216,3167,220925,221229
Susar_quant_29julyS__9,3216,3167,220926,220927
Susar_quant_29julyS__9,3216,3167,220928,220929
Susar_quant_29julyS__9,3216,3167,221085,221086
Susar_quant_21julyA__9,2314,2201,145287,145926
Susar_quant_21julyA__9,2314,2201,145288,145927
Susar_quant_21julyA__9,2314,2201,145289,145928
Susar_quant_21julyA__9,2314,2201,145290,145929
Susar_quant_21julyA__9,2314,2201,145291,145930
Susar_quant_21julyA__9,2314,2201,145292,145931
Susar_quant_21julyA__9,2314,2201,145293,145932
Susar_quant_21julyA__9,2314,2201,145294,145933
Susar_quant_21julyA__9,2314,2201,145295,145934
Susar_quant_21julyA__9,2314,2201,145296,145935
Susar_quant_21julyA__9,2314,2201,145297,145936
Susar_quant_21julyA__9,2314,2201,145298,145937
Susar_quant_21julyA__9,2314,2201,145299,145938
Susar_quant_21julyA__9,2314,2201,145300,145939
Susar_quant_21julyA__9,2314,2201,145301,145940
Susar_quant_21julyA__9,2314,2201,145302,145154
Susar_quant_21julyA__9,2314,2201,145543,145155
Susar_quant_21julyA__9,2314,2201,145544,145156
Susar_quant_21julyA__9,2314,2201,145545,145157
Susar_quant_21julyA__9,2314,2201,145546,145158
Susar_quant_21julyA__9,2314,2201,145547,145159
Susar_quant_21julyA__9,2314,2201,145548,145160
Susar_quant_21julyA__9,2314,2201,145549,145161
Susar_quant_21julyA__9,2314,2201,145550,145162
Susar_quant_21julyA__9,2314,2201,145551,145163
Susar_quant_21julyA__9,2314,2201,145552,145164
Susar_quant_21julyA__9,2314,2201,145553,145165
Susar_quant_21julyA__9,2314,2201,145554,145166
Susar_quant_21julyA__9,2314,2201,145555,145167
Susar_quant_21julyA__9,2314,2201,145556,145168
Susar_quant_21julyA__9,2314,2201,145557,145169
Susar_quant_21julyA__9,2314,2201,145558,145170
Susar_quant_21julyA__9,2314,2201,145808,145415
Susar_quant_21julyA__9,2314,2201,145809,145416
Susar_quant_21julyA__9,2314,2201,145810,145417
Susar_quant_21julyA__9,2314,2201,145811,145418
Susar_quant_21julyA__9,2314,2201,145812,145419
Susar_quant_21julyA__9,2314,2201,145813,145420
Susar_quant_21julyA__9,2314,2201,145814,145421
Susar_quant_21julyA__9,2314,2201,145815,145422
Susar_quant_21julyA__9,2314,2201,145816,145423
Susar_quant_21julyA__9,2314,2201,145817,145424
Susar_quant_21julyA__9,2314,2201,145818,145425
Susar_quant_21julyA__9,2314,2201,145819,145426
Susar_quant_21julyA__9,2314,2201,145820,145427
Susar_quant_21julyA__9,2314,2201,145821,145428
Susar_quant_21julyA__9,2314,2201,145822,145429
Susar_quant_21julyA__9,2314,2201,145823,145430
Susar_quant_21julyA__9,2314,2201,145824,145676
Susar_quant_21julyA__9,2314,2201,145303,145677
Susar_quant_21julyA__9,2314,2201,145304,145678
Susar_quant_21julyA__9,2314,2201,145305,145679
Susar_quant_21julyA__9,2314,2201,145306,145680
Susar_quant_21julyA__9,2314,2201,145307,145681
Susar_quant_21julyA__9,2314,2201,145308,145682
Susar_quant_21julyA__9,2314,2201,145309,145683
Susar_quant_21julyA__9,2314,2201,145310,145684
Susar_quant_21julyA__9,2314,2201,145311,145685
Susar_quant_21julyA__9,2314,2201,145312,145686
Susar_quant_21julyA__9,2314,2201,145313,145687
Susar_quant_21julyA__9,2314,2201,145314,145688
Susar_quant_21julyA__9,2314,2201,145315,145689
Susar_quant_21julyA__9,2314,2201,145316,145690
Susar_quant_21julyA__9,2314,2201,145317,145691
Susar_quant_21julyA__9,2314,2201,145318,145941
Susar_quant_21julyA__9,2314,2201,145559,145942
Susar_quant_21julyA__9,2314,2201,145560,145943
Susar_quant_21julyA__9,2314,2201,145561,145944
Susar_quant_21julyA__9,2314,2201,145562,145945
Susar_quant_21julyA__9,2314,2201,145563,145946
Susar_quant_21julyA__9,2314,2201,145564,145947
Susar_quant_21julyA__9,2314,2201,145565,145948
Susar_quant_21julyA__9,2314,2201,145566,145949
Susar_quant_21julyA__9,2314,2201,145567,145950
Susar_quant_21julyA__9,2314,2201,145568,145951
Susar_quant_21julyA__9,2314,2201,145569,145952
Susar_quant_21julyA__9,2314,2201,145570,145953
Susar_quant_21julyA__9,2314,2201,145571,145954
Susar_quant_21julyA__9,2314,2201,145572,145955
Susar_quant_21julyA__9,2314,2201,145573,145956
Susar_quant_21julyA__9,2314,2201,145574,145171
Susar_quant_21julyA__9,2314,2201,145575,145172
Susar_quant_21julyA__9,2314,2201,145825,145173
Susar_quant_21julyA__9,2314,2201,145826,145174
Susar_quant_21julyA__9,2314,2201,145827,145175
Susar_quant_21julyA__9,2314,2201,145828,145176
Susar_quant_21julyA__9,2314,2201,145829,145177
Susar_quant_21julyA__9,2314,2201,145830,145178
Susar_quant_21julyA__9,2314,2201,145831,145179
Susar_quant_21julyA__9,2314,2201,145832,145180
Susar_quant_21julyA__9,2314,2201,145833,145181
Susar_quant_21julyA__9,2314,2201,145834,145182
Susar_quant_21julyA__9,2314,2201,145835,145183
Susar_quant_21julyA__9,2314,2201,145836,145184
Susar_quant_21julyA__9,2314,2201,145837,145185
Susar_quant_21julyA__9,2314,2201,145838,145186
Susar_quant_21julyA__9,2314,2201,145839,145187
Susar_quant_21julyA__9,2314,2201,145840,145431
Susar_quant_21julyA__9,2314,2201,145319,145432
Susar_quant_21julyA__9,2314,2201,145320,145433
Susar_quant_21julyA__9,2314,2201,145321,145434
Susar_quant_21julyA__9,2314,2201,145322,145435
Susar_quant_21julyA__9,2314,2201,145323,145436
Susar_quant_21julyA__9,2314,2201,145324,145437
Susar_quant_21julyA__9,2314,2201,145325,145438
Susar_quant_21julyA__9,2314,2201,145326,145439
Susar_quant_21julyA__9,2314,2201,145327,145440
Susar_quant_21julyA__9,2314,2201,145328,145441
Susar_quant_21julyA__9,2314,2201,145329,145442
Susar_quant_21julyA__9,2314,2201,145330,145443
Susar_quant_21julyA__9,2314,2201,145331,145444
Susar_quant_21julyA__9,2314,2201,145332,145445
Susar_quant_21julyA__9,2314,2201,145333,145446
Susar_quant_21julyA__9,2314,2201,145334,145692
Susar_quant_21julyA__9,2314,2201,145576,145693
Susar_quant_21julyA__9,2314,2201,145577,145694
Susar_quant_21julyA__9,2314,2201,145578,145695
Susar_quant_21julyA__9,2314,2201,145579,145696
Susar_quant_21julyA__9,2314,2201,145580,145697
Susar_quant_21julyA__9,2314,2201,145581,145698
Susar_quant_21julyA__9,2314,2201,145582,145699
Susar_quant_21julyA__9,2314,2201,145583,145700
Susar_quant_21julyA__9,2314,2201,145584,145701
Susar_quant_21julyA__9,2314,2201,145585,145702
Susar_quant_21julyA__9,2314,2201,145586,145703
Susar_quant_21julyA__9,2314,2201,145587,145704
Susar_quant_21julyA__9,2314,2201,145588,145705
Susar_quant_21julyA__9,2314,2201,145589,145706
Susar_quant_21julyA__9,2314,2201,145590,145707
Susar_quant_21julyA__9,2314,2201,145591,145957
Susar_quant_21julyA__9,2314,2201,145592,145958
Susar_quant_21julyA__9,2314,2201,145841,145959
Susar_quant_21julyA__9,2314,2201,145842,145960
Susar_quant_21julyA__9,2314,2201,145843,145961
Susar_quant_21julyA__9,2314,2201,145844,145962
Susar_quant_21julyA__9,2314,2201,145845,145963
Susar_quant_21julyA__9,2314,2201,145846,145964
Susar_quant_21julyA__9,2314,2201,145847,145965
Susar_quant_21julyA__9,2314,2201,145848,145966
Susar_quant_21julyA__9,2314,2201,145849,145967
Susar_quant_21julyA__9,2314,2201,145850,145968
Susar_quant_21julyA__9,2314,2201,145851,145969
Susar_quant_21julyA__9,2314,2201,145852,145970
Susar_quant_21julyA__9,2314,2201,145853,145971
Susar_quant_21julyA__9,2314,2201,145854,145972
Susar_quant_21julyA__9,2314,2201,145855,145188
Susar_quant_21julyA__9,2314,2201,145856,145189
Susar_quant_21julyA__9,2314,2201,145857,145190
Susar_quant_21julyA__9,2314,2201,145335,145191
Susar_quant_21julyA__9,2314,2201,145336,145192
Susar_quant_21julyA__9,2314,2201,145337,145193
Susar_quant_21julyA__9,2314,2201,145338,145194
Susar_quant_21julyA__9,2314,2201,145339,145195
Susar_quant_21julyA__9,2314,2201,145340,145196
Susar_quant_21julyA__9,2314,2201,145341,145197
Susar_quant_21julyA__9,2314,2201,145342,145198
Susar_quant_21julyA__9,2314,2201,145343,145199
Susar_quant_21julyA__9,2314,2201,145344,145200
Susar_quant_21julyA__9,2314,2201,145345,145201
Susar_quant_21julyA__9,2314,2201,145346,145202
Susar_quant_21julyA__9,2314,2201,145347,145203
Susar_quant_21julyA__9,2314,2201,145348,145204
Susar_quant_21julyA__9,2314,2201,145349,145447
Susar_quant_21julyA__9,2314,2201,145350,145448
Susar_quant_21julyA__9,2314,2201,145593,145449
Susar_quant_21julyA__9,2314,2201,145594,145450
Susar_quant_21julyA__9,2314,2201,145595,145451
Susar_quant_21julyA__9,2314,2201,145596,145452
Susar_quant_21julyA__9,2314,2201,145597,145453
Susar_quant_21julyA__9,2314,2201,145598,145454
Susar_quant_21julyA__9,2314,2201,145599,145455
Susar_quant_21julyA__9,2314,2201,145600,145456
Susar_quant_21julyA__9,2314,2201,145601,145457
Susar_quant_21julyA__9,2314,2201,145602,145458
Susar_quant_21julyA__9,2314,2201,145603,145459
Susar_quant_21julyA__9,2314,2201,145604,145460
Susar_quant_21julyA__9,2314,2201,145605,145461
Susar_quant_21julyA__9,2314,2201,145606,145462
Susar_quant_21julyA__9,2314,2201,145607,145708
Susar_quant_21julyA__9,2314,2201,145608,145709
Susar_quant_21julyA__9,2314,2201,145609,145710
Susar_quant_21julyA__9,2314,2201,145858,145711
Susar_quant_21julyA__9,2314,2201,145859,145712
Susar_quant_21julyA__9,2314,2201,145860,145713
Susar_quant_21julyA__9,2314,2201,145861,145714
Susar_quant_21julyA__9,2314,2201,145862,145715
Susar_quant_21julyA__9,2314,2201,145863,145716
Susar_quant_21julyA__9,2314,2201,145864,145717
Susar_quant_21julyA__9,2314,2201,145865,145718
Susar_quant_21julyA__9,2314,2201,145866,145719
Susar_quant_21julyA__9,2314,2201,145867,145720
Susar_quant_21julyA__9,2314,2201,145868,145721
Susar_quant_21julyA__9,2314,2201,145869,145722
Susar_quant_21julyA__9,2314,2201,145870,145723
Susar_quant_21julyA__9,2314,2201,145871,145724
Susar_quant_21julyA__9,2314,2201,145872,145973
Susar_quant_21julyA__9,2314,2201,145873,145974
Susar_quant_21julyA__9,2314,2201,145089,145975
Susar_quant_21julyA__9,2314,2201,145090,145976
Susar_quant_21julyA__9,2314,2201,145091,145977
Susar_quant_21julyA__9,2314,2201,145092,145978
Susar_quant_21julyA__9,2314,2201,145093,145979
Susar_quant_21julyA__9,2314,2201,145094,145205
Susar_quant_21julyA__9,2314,2201,145095,145206
Susar_quant_21julyA__9,2314,2201,145096,145207
Susar_quant_21julyA__9,2314,2201,145097,145208
Susar_quant_21julyA__9,2314,2201,145098,145209
Susar_quant_21julyA__9,2314,2201,145099,145210
Susar_quant_21julyA__9,2314,2201,145100,145211
Susar_quant_21julyA__9,2314,2201,145101,145212
Susar_quant_21julyA__9,2314,2201,145102,145213
Susar_quant_21julyA__9,2314,2201,145103,145214
Susar_quant_21julyA__9,2314,2201,145104,145215
Susar_quant_21julyA__9,2314,2201,145351,145216
Susar_quant_21julyA__9,2314,2201,145352,145217
Susar_quant_21julyA__9,2314,2201,145353,145218
Susar_quant_21julyA__9,2314,2201,145354,145219
Susar_quant_21julyA__9,2314,2201,145355,145220
Susar_quant_21julyA__9,2314,2201,145356,145221
Susar_quant_21julyA__9,2314,2201,145357,145463
Susar_quant_21julyA__9,2314,2201,145358,145464
Susar_quant_21julyA__9,2314,2201,145359,145465
Susar_quant_21julyA__9,2314,2201,145360,145466
Susar_quant_21julyA__9,2314,2201,145361,145467
Susar_quant_21julyA__9,2314,2201,145362,145468
Susar_quant_21julyA__9,2314,2201,145363,145469
Susar_quant_21julyA__9,2314,2201,145364,145470
Susar_quant_21julyA__9,2314,2201,145365,145471
Susar_quant_21julyA__9,2314,2201,145366,145472
Susar_quant_21julyA__9,2314,2201,145610,145473
Susar_quant_21julyA__9,2314,2201,145611,145474
Susar_quant_21julyA__9,2314,2201,145612,145475
Susar_quant_21julyA__9,2314,2201,145613,145476
Susar_quant_21julyA__9,2314,2201,145614,145477
Susar_quant_21julyA__9,2314,2201,145615,145478
Susar_quant_21julyA__9,2314,2201,145616,145725
Susar_quant_21julyA__9,2314,2201,145617,145726
Susar_quant_21julyA__9,2314,2201,145618,145727
Susar_quant_21julyA__9,2314,2201,145619,145728
Susar_quant_21julyA__9,2314,2201,145620,145729
Susar_quant_21julyA__9,2314,2201,145621,145730
Susar_quant_21julyA__9,2314,2201,145622,145731
Susar_quant_21julyA__9,2314,2201,145623,145732
Susar_quant_21julyA__9,2314,2201,145624,145733
Susar_quant_21julyA__9,2314,2201,145625,145734
Susar_quant_21julyA__9,2314,2201,145874,145735
Susar_quant_21julyA__9,2314,2201,145875,145736
Susar_quant_21julyA__9,2314,2201,145876,145737
Susar_quant_21julyA__9,2314,2201,145877,145738
Susar_quant_21julyA__9,2314,2201,145878,145739
Susar_quant_21julyA__9,2314,2201,145879,145740
Susar_quant_21julyA__9,2314,2201,145880,145741
Susar_quant_21julyA__9,2314,2201,145881,145222
Susar_quant_21julyA__9,2314,2201,145882,145223
Susar_quant_21julyA__9,2314,2201,145883,145224
Susar_quant_21julyA__9,2314,2201,145884,145225
Susar_quant_21julyA__9,2314,2201,145885,145226
Susar_quant_21julyA__9,2314,2201,145886,145227
Susar_quant_21julyA__9,2314,2201,145887,145228
Susar_quant_21julyA__9,2314,2201,145888,145229
Susar_quant_21julyA__9,2314,2201,145889,145230
Susar_quant_21julyA__9,2314,2201,145105,145231
Susar_quant_21julyA__9,2314,2201,145106,145232
Susar_quant_21julyA__9,2314,2201,145107,145233
Susar_quant_21julyA__9,2314,2201,145108,145234
Susar_quant_21julyA__9,2314,2201,145109,145235
Susar_quant_21julyA__9,2314,2201,145110,145236
Susar_quant_21julyA__9,2314,2201,145111,145237
Susar_quant_21julyA__9,2314,2201,145112,145238
Susar_quant_21julyA__9,2314,2201,145113,145479
Susar_quant_21julyA__9,2314,2201,145114,145480
Susar_quant_21julyA__9,2314,2201,145115,145481
Susar_quant_21julyA__9,2314,2201,145116,145482
Susar_quant_21julyA__9,2314,2201,145117,145483
Susar_quant_21julyA__9,2314,2201,145118,145484
Susar_quant_21julyA__9,2314,2201,145119,145485
Susar_quant_21julyA__9,2314,2201,145120,145486
Susar_quant_21julyA__9,2314,2201,145367,145487
Susar_quant_21julyA__9,2314,2201,145368,145488
Susar_quant_21julyA__9,2314,2201,145369,145489
Susar_quant_21julyA__9,2314,2201,145370,145490
Susar_quant_21julyA__9,2314,2201,145371,145491
Susar_quant_21julyA__9,2314,2201,145372,145492
Susar_quant_21julyA__9,2314,2201,145373,145493
Susar_quant_21julyA__9,2314,2201,145374,145494
Susar_quant_21julyA__9,2314,2201,145375,145742
Susar_quant_21julyA__9,2314,2201,145376,145743
Susar_quant_21julyA__9,2314,2201,145377,145744
Susar_quant_21julyA__9,2314,2201,145378,145745
Susar_quant_21julyA__9,2314,2201,145379,145746
Susar_quant_21julyA__9,2314,2201,145380,145747
Susar_quant_21julyA__9,2314,2201,145381,145748
Susar_quant_21julyA__9,2314,2201,145382,145749
Susar_quant_21julyA__9,2314,2201,145626,145750
Susar_quant_21julyA__9,2314,2201,145627,145751
Susar_quant_21julyA__9,2314,2201,145628,145752
Susar_quant_21julyA__9,2314,2201,145629,145753
Susar_quant_21julyA__9,2314,2201,145630,145754
Susar_quant_21julyA__9,2314,2201,145631,145755
Susar_quant_21julyA__9,2314,2201,145632,145756
Susar_quant_21julyA__9,2314,2201,145633,145757
Susar_quant_21julyA__9,2314,2201,145634,145239
Susar_quant_21julyA__9,2314,2201,145635,145240
Susar_quant_21julyA__9,2314,2201,145636,145241
Susar_quant_21julyA__9,2314,2201,145637,145242
Susar_quant_21julyA__9,2314,2201,145638,145243
Susar_quant_21julyA__9,2314,2201,145639,145244
Susar_quant_21julyA__9,2314,2201,145640,145245
Susar_quant_21julyA__9,2314,2201,145641,145246
Susar_quant_21julyA__9,2314,2201,145642,145247
Susar_quant_21julyA__9,2314,2201,145890,145248
Susar_quant_21julyA__9,2314,2201,145891,145249
Susar_quant_21julyA__9,2314,2201,145892,145250
Susar_quant_21julyA__9,2314,2201,145893,145251
Susar_quant_21julyA__9,2314,2201,145894,145252
Susar_quant_21julyA__9,2314,2201,145895,145253
Susar_quant_21julyA__9,2314,2201,145896,145254
Susar_quant_21julyA__9,2314,2201,145897,145495
Susar_quant_21julyA__9,2314,2201,145898,145496
Susar_quant_21julyA__9,2314,2201,145899,145497
Susar_quant_21julyA__9,2314,2201,145900,145498
Susar_quant_21julyA__9,2314,2201,145901,145499
Susar_quant_21julyA__9,2314,2201,145902,145500
Susar_quant_21julyA__9,2314,2201,145903,145501
Susar_quant_21julyA__9,2314,2201,145904,145502
Susar_quant_21julyA__9,2314,2201,145905,145503
Susar_quant_21julyA__9,2314,2201,145906,145504
Susar_quant_21julyA__9,2314,2201,145121,145505
Susar_quant_21julyA__9,2314,2201,145122,145506
Susar_quant_21julyA__9,2314,2201,145123,145507
Susar_quant_21julyA__9,2314,2201,145124,145508
Susar_quant_21julyA__9,2314,2201,145125,145509
Susar_quant_21julyA__9,2314,2201,145126,145510
Susar_quant_21julyA__9,2314,2201,145127,145758
Susar_quant_21julyA__9,2314,2201,145128,145759
Susar_quant_21julyA__9,2314,2201,145129,145760
Susar_quant_21julyA__9,2314,2201,145130,145761
Susar_quant_21julyA__9,2314,2201,145131,145762
Susar_quant_21julyA__9,2314,2201,145132,145763
Susar_quant_21julyA__9,2314,2201,145133,145764
Susar_quant_21julyA__9,2314,2201,145134,145765
Susar_quant_21julyA__9,2314,2201,145135,145766
Susar_quant_21julyA__9,2314,2201,145136,145767
Susar_quant_21julyA__9,2314,2201,145137,145768
Susar_quant_21julyA__9,2314,2201,145383,145769
Susar_quant_21julyA__9,2314,2201,145384,145770
Susar_quant_21julyA__9,2314,2201,145385,145771
Susar_quant_21julyA__9,2314,2201,145386,145772
Susar_quant_21julyA__9,2314,2201,145387,145773
Susar_quant_21julyA__9,2314,2201,145388,145255
Susar_quant_21julyA__9,2314,2201,145389,145256
Susar_quant_21julyA__9,2314,2201,145390,145257
Susar_quant_21julyA__9,2314,2201,145391,145258
Susar_quant_21julyA__9,2314,2201,145392,145259
Susar_quant_21julyA__9,2314,2201,145393,145260
Susar_quant_21julyA__9,2314,2201,145394,145261
Susar_quant_21julyA__9,2314,2201,145395,145262
Susar_quant_21julyA__9,2314,2201,145396,145263
Susar_quant_21julyA__9,2314,2201,145397,145264
Susar_quant_21julyA__9,2314,2201,145398,145265
Susar_quant_21julyA__9,2314,2201,145643,145266
Susar_quant_21julyA__9,2314,2201,145644,145267
Susar_quant_21julyA__9,2314,2201,145645,145268
Susar_quant_21julyA__9,2314,2201,145646,145269
Susar_quant_21julyA__9,2314,2201,145647,145270
Susar_quant_21julyA__9,2314,2201,145648,145511
Susar_quant_21julyA__9,2314,2201,145649,145512
Susar_quant_21julyA__9,2314,2201,145650,145513
Susar_quant_21julyA__9,2314,2201,145651,145514
Susar_quant_21julyA__9,2314,2201,145652,145515
Susar_quant_21julyA__9,2314,2201,145653,145516
Susar_quant_21julyA__9,2314,2201,145654,145517
Susar_quant_21julyA__9,2314,2201,145655,145518
Susar_quant_21julyA__9,2314,2201,145656,145519
Susar_quant_21julyA__9,2314,2201,145657,145520
Susar_quant_21julyA__9,2314,2201,145658,145521
Susar_quant_21julyA__9,2314,2201,145907,145522
Susar_quant_21julyA__9,2314,2201,145908,145523
Susar_quant_21julyA__9,2314,2201,145909,145524
Susar_quant_21julyA__9,2314,2201,145910,145525
Susar_quant_21julyA__9,2314,2201,145911,145526
Susar_quant_21julyA__9,2314,2201,145912,145774
Susar_quant_21julyA__9,2314,2201,145913,145775
Susar_quant_21julyA__9,2314,2201,145914,145776
Susar_quant_21julyA__9,2314,2201,145915,145777
Susar_quant_21julyA__9,2314,2201,145916,145778
Susar_quant_21julyA__9,2314,2201,145917,145779
Susar_quant_21julyA__9,2314,2201,145918,145780
Susar_quant_21julyA__9,2314,2201,145919,145781
Susar_quant_21julyA__9,2314,2201,145920,145782
Susar_quant_21julyA__9,2314,2201,145921,145783
Susar_quant_21julyA__9,2314,2201,145922,145784
Susar_quant_21julyA__9,2314,2201,145923,145785
Susar_quant_21julyA__9,2314,2201,145138,145786
Susar_quant_21julyA__9,2314,2201,145139,145787
Susar_quant_21julyA__9,2314,2201,145140,145788
Susar_quant_21julyA__9,2314,2201,145141,145789
Susar_quant_21julyA__9,2314,2201,145142,145790
Susar_quant_21julyA__9,2314,2201,145143,145271
Susar_quant_21julyA__9,2314,2201,145144,145272
Susar_quant_21julyA__9,2314,2201,145145,145273
Susar_quant_21julyA__9,2314,2201,145146,145274
Susar_quant_21julyA__9,2314,2201,145147,145275
Susar_quant_21julyA__9,2314,2201,145148,145276
Susar_quant_21julyA__9,2314,2201,145149,145277
Susar_quant_21julyA__9,2314,2201,145150,145278
Susar_quant_21julyA__9,2314,2201,145151,145279
Susar_quant_21julyA__9,2314,2201,145152,145280
Susar_quant_21julyA__9,2314,2201,145153,145281
Susar_quant_21julyA__9,2314,2201,145399,145282
Susar_quant_21julyA__9,2314,2201,145400,145283
Susar_quant_21julyA__9,2314,2201,145401,145284
Susar_quant_21julyA__9,2314,2201,145402,145285
Susar_quant_21julyA__9,2314,2201,145403,145286
Susar_quant_21julyA__9,2314,2201,145404,145527
Susar_quant_21julyA__9,2314,2201,145405,145528
Susar_quant_21julyA__9,2314,2201,145406,145529
Susar_quant_21julyA__9,2314,2201,145407,145530
Susar_quant_21julyA__9,2314,2201,145408,145531
Susar_quant_21julyA__9,2314,2201,145409,145532
Susar_quant_21julyA__9,2314,2201,145410,145533
Susar_quant_21julyA__9,2314,2201,145411,145534
Susar_quant_21julyA__9,2314,2201,145412,145535
Susar_quant_21julyA__9,2314,2201,145413,145536
Susar_quant_21julyA__9,2314,2201,145414,145537
Susar_quant_21julyA__9,2314,2201,145659,145538
Susar_quant_21julyA__9,2314,2201,145660,145539
Susar_quant_21julyA__9,2314,2201,145661,145540
Susar_quant_21julyA__9,2314,2201,145662,145541
Susar_quant_21julyA__9,2314,2201,145663,145542
Susar_quant_21julyA__9,2314,2201,145664,145791
Susar_quant_21julyA__9,2314,2201,145665,145792
Susar_quant_21julyA__9,2314,2201,145666,145793
Susar_quant_21julyA__9,2314,2201,145667,145794
Susar_quant_21julyA__9,2314,2201,145668,145795
Susar_quant_21julyA__9,2314,2201,145669,145796
Susar_quant_21julyA__9,2314,2201,145670,145797
Susar_quant_21julyA__9,2314,2201,145671,145798
Susar_quant_21julyA__9,2314,2201,145672,145799
Susar_quant_21julyA__9,2314,2201,145673,145800
Susar_quant_21julyA__9,2314,2201,145674,145801
Susar_quant_21julyA__9,2314,2201,145675,145802
Susar_quant_21julyA__9,2314,2201,145924,145803
Susar_quant_21julyA__9,2314,2201,145925,145804
Susar_quant_21julyA__9,2314,2201,145806,145805
Susar_quant_18July__9,1642,1555,102919,102564
Susar_quant_18July__9,1642,1555,102920,102565
Susar_quant_18July__9,1642,1555,102921,102566
Susar_quant_18July__9,1642,1555,102922,102787
Susar_quant_18July__9,1642,1555,102923,102788
Susar_quant_18July__9,1642,1555,102924,102789
Susar_quant_18July__9,1642,1555,102925,102790
Susar_quant_18July__9,1642,1555,102926,102791
Susar_quant_18July__9,1642,1555,102927,102792
Susar_quant_18July__9,1642,1555,102928,102793
Susar_quant_18July__9,1642,1555,102929,102794
Susar_quant_18July__9,1642,1555,102930,102795
Susar_quant_18July__9,1642,1555,102931,102796
Susar_quant_18July__9,1642,1555,102932,102797
Susar_quant_18July__9,1642,1555,102933,102798
Susar_quant_18July__9,1642,1555,102934,102799
Susar_quant_18July__9,1642,1555,102935,102800
Susar_quant_18July__9,1642,1555,103212,102801
Susar_quant_18July__9,1642,1555,103213,102802
Susar_quant_18July__9,1642,1555,103214,103099
Susar_quant_18July__9,1642,1555,103215,103100
Susar_quant_18July__9,1642,1555,103216,103101
Susar_quant_18July__9,1642,1555,102415,103102
Susar_quant_18July__9,1642,1555,102416,103103
Susar_quant_18July__9,1642,1555,102417,103104
Susar_quant_18July__9,1642,1555,102418,103105
Susar_quant_18July__9,1642,1555,102419,103106
Susar_quant_18July__9,1642,1555,102420,103107
Susar_quant_18July__9,1642,1555,102421,103108
Susar_quant_18July__9,1642,1555,102422,103109
Susar_quant_18July__9,1642,1555,102423,103110
Susar_quant_18July__9,1642,1555,102424,103111
Susar_quant_18July__9,1642,1555,102425,103112
Susar_quant_18July__9,1642,1555,102426,103113
Susar_quant_18July__9,1642,1555,102427,103114
Susar_quant_18July__9,1642,1555,102428,102567
Susar_quant_18July__9,1642,1555,102429,102568
Susar_quant_18July__9,1642,1555,102430,102569
Susar_quant_18July__9,1642,1555,102431,102570
Susar_quant_18July__9,1642,1555,102936,102571
Susar_quant_18July__9,1642,1555,102937,102572
Susar_quant_18July__9,1642,1555,102938,102573
Susar_quant_18July__9,1642,1555,102939,102574
Susar_quant_18July__9,1642,1555,102940,102575
Susar_quant_18July__9,1642,1555,102941,102576
Susar_quant_18July__9,1642,1555,102942,102577
Susar_quant_18July__9,1642,1555,102943,102578
Susar_quant_18July__9,1642,1555,102944,102579
Susar_quant_18July__9,1642,1555,102945,102580
Susar_quant_18July__9,1642,1555,102946,102581
Susar_quant_18July__9,1642,1555,102947,102582
Susar_quant_18July__9,1642,1555,102948,102803
Susar_quant_18July__9,1642,1555,102949,102804
Susar_quant_18July__9,1642,1555,102950,102805
Susar_quant_18July__9,1642,1555,102951,102806
Susar_quant_18July__9,1642,1555,102952,102807
Susar_quant_18July__9,1642,1555,102432,102808
Susar_quant_18July__9,1642,1555,102433,102809
Susar_quant_18July__9,1642,1555,102434,102810
Susar_quant_18July__9,1642,1555,102435,102811
Susar_quant_18July__9,1642,1555,102436,102812
Susar_quant_18July__9,1642,1555,102437,102813
Susar_quant_18July__9,1642,1555,102438,102814
Susar_quant_18July__9,1642,1555,102439,102815
Susar_quant_18July__9,1642,1555,102440,102816
Susar_quant_18July__9,1642,1555,102441,102817
Susar_quant_18July__9,1642,1555,102442,102818
Susar_quant_18July__9,1642,1555,102443,103115
Susar_quant_18July__9,1642,1555,102444,103116
Susar_quant_18July__9,1642,1555,102445,103117
Susar_quant_18July__9,1642,1555,102446,103118
Susar_quant_18July__9,1642,1555,102447,103119
Susar_quant_18July__9,1642,1555,102448,103120
Susar_quant_18July__9,1642,1555,102682,103121
Susar_quant_18July__9,1642,1555,102683,103122
Susar_quant_18July__9,1642,1555,102684,103123
Susar_quant_18July__9,1642,1555,102685,103124
Susar_quant_18July__9,1642,1555,102686,103125
Susar_quant_18July__9,1642,1555,102953,103126
Susar_quant_18July__9,1642,1555,102954,103127
Susar_quant_18July__9,1642,1555,102955,103128
Susar_quant_18July__9,1642,1555,102959,103129
Susar_quant_18July__9,1642,1555,102962,103130
Susar_quant_18July__9,1642,1555,102967,102583
Susar_quant_18July__9,1642,1555,102971,102584
Susar_quant_18July__9,1642,1555,102975,102585
Susar_quant_18July__9,1642,1555,102980,102586
Susar_quant_18July__9,1642,1555,102983,102587
Susar_quant_18July__9,1642,1555,102987,102588
Susar_quant_18July__9,1642,1555,102992,102589
Susar_quant_18July__9,1642,1555,102993,102590
Susar_quant_18July__9,1642,1555,102994,102591
Susar_quant_18July__9,1642,1555,102995,102592
Susar_quant_18July__9,1642,1555,102996,102593
Susar_quant_18July__9,1642,1555,102997,102594
Susar_quant_18July__9,1642,1555,102449,102595
Susar_quant_18July__9,1642,1555,102450,102596
Susar_quant_18July__9,1642,1555,102451,102597
Susar_quant_18July__9,1642,1555,102452,102598
Susar_quant_18July__9,1642,1555,102453,102599
Susar_quant_18July__9,1642,1555,102454,102819
Susar_quant_18July__9,1642,1555,102455,102820
Susar_quant_18July__9,1642,1555,102456,102821
Susar_quant_18July__9,1642,1555,102457,102822
Susar_quant_18July__9,1642,1555,102458,102823
Susar_quant_18July__9,1642,1555,102459,102824
Susar_quant_18July__9,1642,1555,102460,102825
Susar_quant_18July__9,1642,1555,102461,102826
Susar_quant_18July__9,1642,1555,102462,102827
Susar_quant_18July__9,1642,1555,102463,102828
Susar_quant_18July__9,1642,1555,102464,102829
Susar_quant_18July__9,1642,1555,102687,102830
Susar_quant_18July__9,1642,1555,102688,102831
Susar_quant_18July__9,1642,1555,102689,102832
Susar_quant_18July__9,1642,1555,102690,102833
Susar_quant_18July__9,1642,1555,102691,102834
Susar_quant_18July__9,1642,1555,102692,102835
Susar_quant_18July__9,1642,1555,102693,103131
Susar_quant_18July__9,1642,1555,102694,103132
Susar_quant_18July__9,1642,1555,102695,103133
Susar_quant_18July__9,1642,1555,102696,103134
Susar_quant_18July__9,1642,1555,102697,103135
Susar_quant_18July__9,1642,1555,102698,103136
Susar_quant_18July__9,1642,1555,102699,103137
Susar_quant_18July__9,1642,1555,102700,103138
Susar_quant_18July__9,1642,1555,102701,103139
Susar_quant_18July__9,1642,1555,102702,103140
Susar_quant_18July__9,1642,1555,102703,103141
Susar_quant_18July__9,1642,1555,102998,103142
Susar_quant_18July__9,1642,1555,102999,103143
Susar_quant_18July__9,1642,1555,103000,103144
Susar_quant_18July__9,1642,1555,103001,103145
Susar_quant_18July__9,1642,1555,103002,103146
Susar_quant_18July__9,1642,1555,103003,102600
Susar_quant_18July__9,1642,1555,103004,102601
Susar_quant_18July__9,1642,1555,103005,102602
Susar_quant_18July__9,1642,1555,103006,102603
Susar_quant_18July__9,1642,1555,103007,102604
Susar_quant_18July__9,1642,1555,103008,102605
Susar_quant_18July__9,1642,1555,103009,102606
Susar_quant_18July__9,1642,1555,103010,102607
Susar_quant_18July__9,1642,1555,103011,102608
Susar_quant_18July__9,1642,1555,103012,102609
Susar_quant_18July__9,1642,1555,103013,102610
Susar_quant_18July__9,1642,1555,103014,102611
Susar_quant_18July__9,1642,1555,102465,102612
Susar_quant_18July__9,1642,1555,102466,102613
Susar_quant_18July__9,1642,1555,102467,102614
Susar_quant_18July__9,1642,1555,102468,102615
Susar_quant_18July__9,1642,1555,102469,102836
Susar_quant_18July__9,1642,1555,102470,102837
Susar_quant_18July__9,1642,1555,102471,102838
Susar_quant_18July__9,1642,1555,102472,102839
Susar_quant_18July__9,1642,1555,102473,102840
Susar_quant_18July__9,1642,1555,102474,102841
Susar_quant_18July__9,1642,1555,102475,102842
Susar_quant_18July__9,1642,1555,102476,102843
Susar_quant_18July__9,1642,1555,102477,102844
Susar_quant_18July__9,1642,1555,102478,102845
Susar_quant_18July__9,1642,1555,102479,102846
Susar_quant_18July__9,1642,1555,102480,102847
Susar_quant_18July__9,1642,1555,102481,102848
Susar_quant_18July__9,1642,1555,102704,102849
Susar_quant_18July__9,1642,1555,102705,102850
Susar_quant_18July__9,1642,1555,102706,102851
Susar_quant_18July__9,1642,1555,102707,103147
Susar_quant_18July__9,1642,1555,102708,103148
Susar_quant_18July__9,1642,1555,102709,103149
Susar_quant_18July__9,1642,1555,102710,103150
Susar_quant_18July__9,1642,1555,102711,103151
Susar_quant_18July__9,1642,1555,102712,103152
Susar_quant_18July__9,1642,1555,102713,103153
Susar_quant_18July__9,1642,1555,102714,103154
Susar_quant_18July__9,1642,1555,102715,103155
Susar_quant_18July__9,1642,1555,102716,103156
Susar_quant_18July__9,1642,1555,102717,103157
Susar_quant_18July__9,1642,1555,102718,103158
Susar_quant_18July__9,1642,1555,102719,103159
Susar_quant_18July__9,1642,1555,102720,103160
Susar_quant_18July__9,1642,1555,103015,103161
Susar_quant_18July__9,1642,1555,103016,103162
Susar_quant_18July__9,1642,1555,103017,102616
Susar_quant_18July__9,1642,1555,103018,102617
Susar_quant_18July__9,1642,1555,103019,102618
Susar_quant_18July__9,1642,1555,103020,102619
Susar_quant_18July__9,1642,1555,103021,102620
Susar_quant_18July__9,1642,1555,103022,102621
Susar_quant_18July__9,1642,1555,103023,102622
Susar_quant_18July__9,1642,1555,103024,102623
Susar_quant_18July__9,1642,1555,103025,102624
Susar_quant_18July__9,1642,1555,103026,102625
Susar_quant_18July__9,1642,1555,103027,102626
Susar_quant_18July__9,1642,1555,103028,102627
Susar_quant_18July__9,1642,1555,103029,102628
Susar_quant_18July__9,1642,1555,103030,102629
Susar_quant_18July__9,1642,1555,102482,102630
Susar_quant_18July__9,1642,1555,102483,102631
Susar_quant_18July__9,1642,1555,102484,102852
Susar_quant_18July__9,1642,1555,102485,102853
Susar_quant_18July__9,1642,1555,102486,102854
Susar_quant_18July__9,1642,1555,102487,102855
Susar_quant_18July__9,1642,1555,102488,102856
Susar_quant_18July__9,1642,1555,102489,102857
Susar_quant_18July__9,1642,1555,102490,102858
Susar_quant_18July__9,1642,1555,102491,102859
Susar_quant_18July__9,1642,1555,102492,102860
Susar_quant_18July__9,1642,1555,102493,102861
Susar_quant_18July__9,1642,1555,102494,102862
Susar_quant_18July__9,1642,1555,102495,102863
Susar_quant_18July__9,1642,1555,102496,102864
Susar_quant_18July__9,1642,1555,102497,102865
Susar_quant_18July__9,1642,1555,102498,102866
Susar_quant_18July__9,1642,1555,102721,102867
Susar_quant_18July__9,1642,1555,102722,102868
Susar_quant_18July__9,1642,1555,102723,103163
Susar_quant_18July__9,1642,1555,102724,103164
Susar_quant_18July__9,1642,1555,102725,103165
Susar_quant_18July__9,1642,1555,102726,103166
Susar_quant_18July__9,1642,1555,102727,103167
Susar_quant_18July__9,1642,1555,102728,103168
Susar_quant_18July__9,1642,1555,102729,103169
Susar_quant_18July__9,1642,1555,102730,103170
Susar_quant_18July__9,1642,1555,102731,103171
Susar_quant_18July__9,1642,1555,102732,103172
Susar_quant_18July__9,1642,1555,102733,103173
Susar_quant_18July__9,1642,1555,102734,103174
Susar_quant_18July__9,1642,1555,102735,103175
Susar_quant_18July__9,1642,1555,102736,103176
Susar_quant_18July__9,1642,1555,102737,103177
Susar_quant_18July__9,1642,1555,103031,103178
Susar_quant_18July__9,1642,1555,103032,102364
Susar_quant_18July__9,1642,1555,103033,102365
Susar_quant_18July__9,1642,1555,103034,102366
Susar_quant_18July__9,1642,1555,103035,102367
Susar_quant_18July__9,1642,1555,103036,102368
Susar_quant_18July__9,1642,1555,103037,102369
Susar_quant_18July__9,1642,1555,103038,102370
Susar_quant_18July__9,1642,1555,103039,102371
Susar_quant_18July__9,1642,1555,103040,102372
Susar_quant_18July__9,1642,1555,103041,102373
Susar_quant_18July__9,1642,1555,103042,102374
Susar_quant_18July__9,1642,1555,103043,102375
Susar_quant_18July__9,1642,1555,103044,102376
Susar_quant_18July__9,1642,1555,103045,102377
Susar_quant_18July__9,1642,1555,103046,102378
Susar_quant_18July__9,1642,1555,103047,102379
Susar_quant_18July__9,1642,1555,102499,102380
Susar_quant_18July__9,1642,1555,102500,102632
Susar_quant_18July__9,1642,1555,102501,102633
Susar_quant_18July__9,1642,1555,102502,102634
Susar_quant_18July__9,1642,1555,102503,102635
Susar_quant_18July__9,1642,1555,102504,102636
Susar_quant_18July__9,1642,1555,102505,102637
Susar_quant_18July__9,1642,1555,102506,102638
Susar_quant_18July__9,1642,1555,102507,102639
Susar_quant_18July__9,1642,1555,102508,102640
Susar_quant_18July__9,1642,1555,102509,102641
Susar_quant_18July__9,1642,1555,102510,102642
Susar_quant_18July__9,1642,1555,102511,102643
Susar_quant_18July__9,1642,1555,102512,102644
Susar_quant_18July__9,1642,1555,102513,102645
Susar_quant_18July__9,1642,1555,102514,102646
Susar_quant_18July__9,1642,1555,102515,102647
Susar_quant_18July__9,1642,1555,102738,102648
Susar_quant_18July__9,1642,1555,102739,102869
Susar_quant_18July__9,1642,1555,102740,102870
Susar_quant_18July__9,1642,1555,102741,102871
Susar_quant_18July__9,1642,1555,102742,102872
Susar_quant_18July__9,1642,1555,102743,102873
Susar_quant_18July__9,1642,1555,102744,102874
Susar_quant_18July__9,1642,1555,102745,102875
Susar_quant_18July__9,1642,1555,102746,102876
Susar_quant_18July__9,1642,1555,102747,102877
Susar_quant_18July__9,1642,1555,102748,102878
Susar_quant_18July__9,1642,1555,102749,102879
Susar_quant_18July__9,1642,1555,102750,102880
Susar_quant_18July__9,1642,1555,102751,102881
Susar_quant_18July__9,1642,1555,102752,102882
Susar_quant_18July__9,1642,1555,102753,102883
Susar_quant_18July__9,1642,1555,102754,102884
Susar_quant_18July__9,1642,1555,103048,102885
Susar_quant_18July__9,1642,1555,103049,103179
Susar_quant_18July__9,1642,1555,103050,103180
Susar_quant_18July__9,1642,1555,103051,103181
Susar_quant_18July__9,1642,1555,103052,103182
Susar_quant_18July__9,1642,1555,103053,103183
Susar_quant_18July__9,1642,1555,103054,103184
Susar_quant_18July__9,1642,1555,103055,103185
Susar_quant_18July__9,1642,1555,103056,103186
Susar_quant_18July__9,1642,1555,103057,103187
Susar_quant_18July__9,1642,1555,103058,103188
Susar_quant_18July__9,1642,1555,103059,103189
Susar_quant_18July__9,1642,1555,103060,103190
Susar_quant_18July__9,1642,1555,103061,103191
Susar_quant_18July__9,1642,1555,103062,103192
Susar_quant_18July__9,1642,1555,103063,103193
Susar_quant_18July__9,1642,1555,103064,103194
Susar_quant_18July__9,1642,1555,102516,102381
Susar_quant_18July__9,1642,1555,102517,102382
Susar_quant_18July__9,1642,1555,102518,102383
Susar_quant_18July__9,1642,1555,102519,102384
Susar_quant_18July__9,1642,1555,102520,102385
Susar_quant_18July__9,1642,1555,102521,102386
Susar_quant_18July__9,1642,1555,102522,102387
Susar_quant_18July__9,1642,1555,102523,102388
Susar_quant_18July__9,1642,1555,102524,102389
Susar_quant_18July__9,1642,1555,102525,102390
Susar_quant_18July__9,1642,1555,102526,102391
Susar_quant_18July__9,1642,1555,102527,102392
Susar_quant_18July__9,1642,1555,102528,102393
Susar_quant_18July__9,1642,1555,102529,102394
Susar_quant_18July__9,1642,1555,102530,102395
Susar_quant_18July__9,1642,1555,102531,102396
Susar_quant_18July__9,1642,1555,102532,102397
Susar_quant_18July__9,1642,1555,102755,102649
Susar_quant_18July__9,1642,1555,102756,102650
Susar_quant_18July__9,1642,1555,102757,102651
Susar_quant_18July__9,1642,1555,102758,102652
Susar_quant_18July__9,1642,1555,102759,102653
Susar_quant_18July__9,1642,1555,102760,102654
Susar_quant_18July__9,1642,1555,102761,102655
Susar_quant_18July__9,1642,1555,102762,102656
Susar_quant_18July__9,1642,1555,102763,102657
Susar_quant_18July__9,1642,1555,102764,102658
Susar_quant_18July__9,1642,1555,102765,102659
Susar_quant_18July__9,1642,1555,102766,102660
Susar_quant_18July__9,1642,1555,102767,102661
Susar_quant_18July__9,1642,1555,102768,102662
Susar_quant_18July__9,1642,1555,102769,102663
Susar_quant_18July__9,1642,1555,102770,102664
Susar_quant_18July__9,1642,1555,103065,102665
Susar_quant_18July__9,1642,1555,103066,102886
Susar_quant_18July__9,1642,1555,103067,102887
Susar_quant_18July__9,1642,1555,103068,102888
Susar_quant_18July__9,1642,1555,103069,102889
Susar_quant_18July__9,1642,1555,103070,102890
Susar_quant_18July__9,1642,1555,103071,102891
Susar_quant_18July__9,1642,1555,103072,102892
Susar_quant_18July__9,1642,1555,103073,102893
Susar_quant_18July__9,1642,1555,103074,102894
Susar_quant_18July__9,1642,1555,103075,102895
Susar_quant_18July__9,1642,1555,103076,102896
Susar_quant_18July__9,1642,1555,103077,102897
Susar_quant_18July__9,1642,1555,103078,102898
Susar_quant_18July__9,1642,1555,103079,102899
Susar_quant_18July__9,1642,1555,103080,102900
Susar_quant_18July__9,1642,1555,103081,102901
Susar_quant_18July__9,1642,1555,102533,103195
Susar_quant_18July__9,1642,1555,102534,103196
Susar_quant_18July__9,1642,1555,102535,103197
Susar_quant_18July__9,1642,1555,102536,103198
Susar_quant_18July__9,1642,1555,102537,103199
Susar_quant_18July__9,1642,1555,102538,103200
Susar_quant_18July__9,1642,1555,102539,103201
Susar_quant_18July__9,1642,1555,102540,103202
Susar_quant_18July__9,1642,1555,102541,103203
Susar_quant_18July__9,1642,1555,102542,103204
Susar_quant_18July__9,1642,1555,102543,103205
Susar_quant_18July__9,1642,1555,102544,103206
Susar_quant_18July__9,1642,1555,102545,103207
Susar_quant_18July__9,1642,1555,102546,103208
Susar_quant_18July__9,1642,1555,102547,103209
Susar_quant_18July__9,1642,1555,102548,103210
Susar_quant_18July__9,1642,1555,102549,103211
Susar_quant_18July__9,1642,1555,102771,102398
Susar_quant_18July__9,1642,1555,102772,102399
Susar_quant_18July__9,1642,1555,102773,102400
Susar_quant_18July__9,1642,1555,102774,102401
Susar_quant_18July__9,1642,1555,102775,102402
Susar_quant_18July__9,1642,1555,102776,102403
Susar_quant_18July__9,1642,1555,102777,102404
Susar_quant_18July__9,1642,1555,102778,102405
Susar_quant_18July__9,1642,1555,102779,102406
Susar_quant_18July__9,1642,1555,102780,102407
Susar_quant_18July__9,1642,1555,102781,102408
Susar_quant_18July__9,1642,1555,102782,102409
Susar_quant_18July__9,1642,1555,102783,102410
Susar_quant_18July__9,1642,1555,102784,102411
Susar_quant_18July__9,1642,1555,102785,102412
Susar_quant_18July__9,1642,1555,102786,102413
Susar_quant_18July__9,1642,1555,103082,102414
Susar_quant_18July__9,1642,1555,103083,102666
Susar_quant_18July__9,1642,1555,103084,102667
Susar_quant_18July__9,1642,1555,103085,102668
Susar_quant_18July__9,1642,1555,103086,102669
Susar_quant_18July__9,1642,1555,103087,102670
Susar_quant_18July__9,1642,1555,103088,102671
Susar_quant_18July__9,1642,1555,103089,102672
Susar_quant_18July__9,1642,1555,103090,102673
Susar_quant_18July__9,1642,1555,103091,102674
Susar_quant_18July__9,1642,1555,103092,102675
Susar_quant_18July__9,1642,1555,103093,102676
Susar_quant_18July__9,1642,1555,103094,102677
Susar_quant_18July__9,1642,1555,103095,102678
Susar_quant_18July__9,1642,1555,103096,102679
Susar_quant_18July__9,1642,1555,103097,102680
Susar_quant_18July__9,1642,1555,103098,102681
Susar_quant_18July__9,1642,1555,102550,102902
Susar_quant_18July__9,1642,1555,102551,102903
Susar_quant_18July__9,1642,1555,102552,102904
Susar_quant_18July__9,1642,1555,102553,102905
Susar_quant_18July__9,1642,1555,102554,102906
Susar_quant_18July__9,1642,1555,102555,102907
Susar_quant_18July__9,1642,1555,102556,102908
Susar_quant_18July__9,1642,1555,102557,102909
Susar_quant_18July__9,1642,1555,102558,102910
Susar_quant_18July__9,1642,1555,102559,102911
Susar_quant_18July__9,1642,1555,102560,102912
Susar_quant_18July__9,1642,1555,102561,102913
Susar_quant_18July__9,1642,1555,102562,102914
Susar_quant_18July__9,1642,1555,102563,102915
Susar_quant_18July__9,1642,1555,102917,102916
Susar_quant_uvw__7,1459,1389,81577,81925
Susar_quant_uvw__7,1459,1389,81579,81928
Susar_quant_uvw__7,1459,1389,81582,81930
Susar_quant_uvw__7,1459,1389,81584,81932
Susar_quant_uvw__7,1459,1389,81587,81935
Susar_quant_uvw__7,1459,1389,81590,82390
Susar_quant_uvw__7,1459,1389,81592,82391
Susar_quant_uvw__7,1459,1389,81595,82392
Susar_quant_uvw__7,1459,1389,81598,82393
Susar_quant_uvw__7,1459,1389,81600,82394
Susar_quant_uvw__7,1459,1389,81603,82395
Susar_quant_uvw__7,1459,1389,81605,82396
Susar_quant_uvw__7,1459,1389,81608,82397
Susar_quant_uvw__7,1459,1389,81610,82398
Susar_quant_uvw__7,1459,1389,81613,82399
Susar_quant_uvw__7,1459,1389,81615,82400
Susar_quant_uvw__7,1459,1389,81618,82401
Susar_quant_uvw__7,1459,1389,82201,82402
Susar_quant_uvw__7,1459,1389,82204,82403
Susar_quant_uvw__7,1459,1389,82206,82404
Susar_quant_uvw__7,1459,1389,82208,82405
Susar_quant_uvw__7,1459,1389,82210,82406
Susar_quant_uvw__7,1459,1389,82212,81364
Susar_quant_uvw__7,1459,1389,82215,81365
Susar_quant_uvw__7,1459,1389,82217,81366
Susar_quant_uvw__7,1459,1389,82219,81367
Susar_quant_uvw__7,1459,1389,82221,81368
Susar_quant_uvw__7,1459,1389,82223,81369
Susar_quant_uvw__7,1459,1389,82225,81370
Susar_quant_uvw__7,1459,1389,82227,81371
Susar_quant_uvw__7,1459,1389,82229,81372
Susar_quant_uvw__7,1459,1389,82232,81373
Susar_quant_uvw__7,1459,1389,82234,81374
Susar_quant_uvw__7,1459,1389,82236,81375
Susar_quant_uvw__7,1459,1389,82240,81376
Susar_quant_uvw__7,1459,1389,82242,81377
Susar_quant_uvw__7,1459,1389,82244,81378
Susar_quant_uvw__7,1459,1389,82246,81379
Susar_quant_uvw__7,1459,1389,82248,81380
Susar_quant_uvw__7,1459,1389,82251,81937
Susar_quant_uvw__7,1459,1389,82253,81939
Susar_quant_uvw__7,1459,1389,82255,81941
Susar_quant_uvw__7,1459,1389,82257,81944
Susar_quant_uvw__7,1459,1389,82259,81946
Susar_quant_uvw__7,1459,1389,82261,81948
Susar_quant_uvw__7,1459,1389,82263,81950
Susar_quant_uvw__7,1459,1389,82265,81953
Susar_quant_uvw__7,1459,1389,82268,81955
Susar_quant_uvw__7,1459,1389,82270,81958
Susar_quant_uvw__7,1459,1389,82272,81960
Susar_quant_uvw__7,1459,1389,82274,81962
Susar_quant_uvw__7,1459,1389,81228,81964
Susar_quant_uvw__7,1459,1389,81229,81966
Susar_quant_uvw__7,1459,1389,81230,81969
Susar_quant_uvw__7,1459,1389,81231,81971
Susar_quant_uvw__7,1459,1389,81232,81973
Susar_quant_uvw__7,1459,1389,81233,82407
Susar_quant_uvw__7,1459,1389,81234,82408
Susar_quant_uvw__7,1459,1389,81235,82409
Susar_quant_uvw__7,1459,1389,81236,82410
Susar_quant_uvw__7,1459,1389,81237,82411
Susar_quant_uvw__7,1459,1389,81238,82412
Susar_quant_uvw__7,1459,1389,81239,82413
Susar_quant_uvw__7,1459,1389,81240,82414
Susar_quant_uvw__7,1459,1389,81241,82415
Susar_quant_uvw__7,1459,1389,81242,82416
Susar_quant_uvw__7,1459,1389,81243,82417
Susar_quant_uvw__7,1459,1389,81244,82418
Susar_quant_uvw__7,1459,1389,81620,82419
Susar_quant_uvw__7,1459,1389,81623,82420
Susar_quant_uvw__7,1459,1389,81625,82421
Susar_quant_uvw__7,1459,1389,81628,82422
Susar_quant_uvw__7,1459,1389,81630,82423
Susar_quant_uvw__7,1459,1389,81633,81381
Susar_quant_uvw__7,1459,1389,81635,81382
Susar_quant_uvw__7,1459,1389,81638,81383
Susar_quant_uvw__7,1459,1389,81640,81384
Susar_quant_uvw__7,1459,1389,81642,81385
Susar_quant_uvw__7,1459,1389,81645,81386
Susar_quant_uvw__7,1459,1389,81647,81387
Susar_quant_uvw__7,1459,1389,81650,81388
Susar_quant_uvw__7,1459,1389,81652,81389
Susar_quant_uvw__7,1459,1389,81654,81390
Susar_quant_uvw__7,1459,1389,81657,81391
Susar_quant_uvw__7,1459,1389,82238,81392
Susar_quant_uvw__7,1459,1389,82276,81393
Susar_quant_uvw__7,1459,1389,82526,81394
Susar_quant_uvw__7,1459,1389,82527,81395
Susar_quant_uvw__7,1459,1389,82528,81396
Susar_quant_uvw__7,1459,1389,82529,81397
Susar_quant_uvw__7,1459,1389,82530,81975
Susar_quant_uvw__7,1459,1389,82531,81978
Susar_quant_uvw__7,1459,1389,82532,81980
Susar_quant_uvw__7,1459,1389,82533,81982
Susar_quant_uvw__7,1459,1389,82534,81984
Susar_quant_uvw__7,1459,1389,82535,81987
Susar_quant_uvw__7,1459,1389,82536,81989
Susar_quant_uvw__7,1459,1389,82537,81991
Susar_quant_uvw__7,1459,1389,82538,81993
Susar_quant_uvw__7,1459,1389,82539,81996
Susar_quant_uvw__7,1459,1389,82540,81998
Susar_quant_uvw__7,1459,1389,82541,82000
Susar_quant_uvw__7,1459,1389,81245,82002
Susar_quant_uvw__7,1459,1389,81246,82004
Susar_quant_uvw__7,1459,1389,81247,82006
Susar_quant_uvw__7,1459,1389,81248,82009
Susar_quant_uvw__7,1459,1389,81249,82011
Susar_quant_uvw__7,1459,1389,81250,82424
Susar_quant_uvw__7,1459,1389,81251,82425
Susar_quant_uvw__7,1459,1389,81252,82426
Susar_quant_uvw__7,1459,1389,81253,82427
Susar_quant_uvw__7,1459,1389,81254,82428
Susar_quant_uvw__7,1459,1389,81255,82429
Susar_quant_uvw__7,1459,1389,81256,82430
Susar_quant_uvw__7,1459,1389,81257,82431
Susar_quant_uvw__7,1459,1389,81258,82432
Susar_quant_uvw__7,1459,1389,81259,82433
Susar_quant_uvw__7,1459,1389,81260,82434
Susar_quant_uvw__7,1459,1389,81261,82435
Susar_quant_uvw__7,1459,1389,81659,82436
Susar_quant_uvw__7,1459,1389,81662,82437
Susar_quant_uvw__7,1459,1389,81664,82438
Susar_quant_uvw__7,1459,1389,81666,82439
Susar_quant_uvw__7,1459,1389,81669,82440
Susar_quant_uvw__7,1459,1389,81671,81398
Susar_quant_uvw__7,1459,1389,81674,81399
Susar_quant_uvw__7,1459,1389,81676,81400
Susar_quant_uvw__7,1459,1389,81678,81401
Susar_quant_uvw__7,1459,1389,81681,81402
Susar_quant_uvw__7,1459,1389,81683,81403
Susar_quant_uvw__7,1459,1389,81686,81404
Susar_quant_uvw__7,1459,1389,81688,81405
Susar_quant_uvw__7,1459,1389,81691,81406
Susar_quant_uvw__7,1459,1389,81693,81407
Susar_quant_uvw__7,1459,1389,81696,81408
Susar_quant_uvw__7,1459,1389,81698,81409
Susar_quant_uvw__7,1459,1389,82542,81410
Susar_quant_uvw__7,1459,1389,82543,81411
Susar_quant_uvw__7,1459,1389,82544,81412
Susar_quant_uvw__7,1459,1389,82545,81413
Susar_quant_uvw__7,1459,1389,82546,81414
Susar_quant_uvw__7,1459,1389,82547,82013
Susar_quant_uvw__7,1459,1389,82548,82015
Susar_quant_uvw__7,1459,1389,82549,82017
Susar_quant_uvw__7,1459,1389,82550,82020
Susar_quant_uvw__7,1459,1389,81262,82022
Susar_quant_uvw__7,1459,1389,81263,82024
Susar_quant_uvw__7,1459,1389,81264,82027
Susar_quant_uvw__7,1459,1389,81265,82029
Susar_quant_uvw__7,1459,1389,81266,82031
Susar_quant_uvw__7,1459,1389,81267,82033
Susar_quant_uvw__7,1459,1389,81268,82036
Susar_quant_uvw__7,1459,1389,81269,82038
Susar_quant_uvw__7,1459,1389,81270,82040
Susar_quant_uvw__7,1459,1389,81271,82042
Susar_quant_uvw__7,1459,1389,81272,82045
Susar_quant_uvw__7,1459,1389,81273,82047
Susar_quant_uvw__7,1459,1389,81274,82049
Susar_quant_uvw__7,1459,1389,81275,82441
Susar_quant_uvw__7,1459,1389,81276,82442
Susar_quant_uvw__7,1459,1389,81277,82443
Susar_quant_uvw__7,1459,1389,81278,82444
Susar_quant_uvw__7,1459,1389,81700,82445
Susar_quant_uvw__7,1459,1389,81703,82446
Susar_quant_uvw__7,1459,1389,81705,82447
Susar_quant_uvw__7,1459,1389,81708,82448
Susar_quant_uvw__7,1459,1389,81710,82449
Susar_quant_uvw__7,1459,1389,81712,82450
Susar_quant_uvw__7,1459,1389,81715,82451
Susar_quant_uvw__7,1459,1389,81717,82452
Susar_quant_uvw__7,1459,1389,81720,82453
Susar_quant_uvw__7,1459,1389,81722,82454
Susar_quant_uvw__7,1459,1389,81724,82455
Susar_quant_uvw__7,1459,1389,81727,82456
Susar_quant_uvw__7,1459,1389,81729,82457
Susar_quant_uvw__7,1459,1389,81732,81415
Susar_quant_uvw__7,1459,1389,81734,81416
Susar_quant_uvw__7,1459,1389,81736,81417
Susar_quant_uvw__7,1459,1389,81739,81418
Susar_quant_uvw__7,1459,1389,81279,81419
Susar_quant_uvw__7,1459,1389,81280,81420
Susar_quant_uvw__7,1459,1389,81281,81421
Susar_quant_uvw__7,1459,1389,81282,81422
Susar_quant_uvw__7,1459,1389,81283,81423
Susar_quant_uvw__7,1459,1389,81284,81424
Susar_quant_uvw__7,1459,1389,81285,81425
Susar_quant_uvw__7,1459,1389,81286,81426
Susar_quant_uvw__7,1459,1389,81287,81427
Susar_quant_uvw__7,1459,1389,81288,81428
Susar_quant_uvw__7,1459,1389,81289,81429
Susar_quant_uvw__7,1459,1389,81290,81430
Susar_quant_uvw__7,1459,1389,81291,81432
Susar_quant_uvw__7,1459,1389,81292,82051
Susar_quant_uvw__7,1459,1389,81293,82053
Susar_quant_uvw__7,1459,1389,81294,82056
Susar_quant_uvw__7,1459,1389,81295,82058
Susar_quant_uvw__7,1459,1389,81741,82060
Susar_quant_uvw__7,1459,1389,81744,82063
Susar_quant_uvw__7,1459,1389,81746,82065
Susar_quant_uvw__7,1459,1389,81748,82068
Susar_quant_uvw__7,1459,1389,81751,82070
Susar_quant_uvw__7,1459,1389,81753,82072
Susar_quant_uvw__7,1459,1389,81756,82074
Susar_quant_uvw__7,1459,1389,81758,82077
Susar_quant_uvw__7,1459,1389,81760,82079
Susar_quant_uvw__7,1459,1389,81763,82081
Susar_quant_uvw__7,1459,1389,81765,82085
Susar_quant_uvw__7,1459,1389,81767,82088
Susar_quant_uvw__7,1459,1389,81770,82090
Susar_quant_uvw__7,1459,1389,81772,82458
Susar_quant_uvw__7,1459,1389,81774,82459
Susar_quant_uvw__7,1459,1389,81777,82460
Susar_quant_uvw__7,1459,1389,81779,82461
Susar_quant_uvw__7,1459,1389,82279,82462
Susar_quant_uvw__7,1459,1389,82281,82463
Susar_quant_uvw__7,1459,1389,82283,82464
Susar_quant_uvw__7,1459,1389,82285,82465
Susar_quant_uvw__7,1459,1389,82287,82466
Susar_quant_uvw__7,1459,1389,82289,82467
Susar_quant_uvw__7,1459,1389,82291,82468
Susar_quant_uvw__7,1459,1389,82294,82469
Susar_quant_uvw__7,1459,1389,82296,82470
Susar_quant_uvw__7,1459,1389,82298,82471
Susar_quant_uvw__7,1459,1389,82300,82472
Susar_quant_uvw__7,1459,1389,82302,82473
Susar_quant_uvw__7,1459,1389,82304,82474
Susar_quant_uvw__7,1459,1389,82307,81435
Susar_quant_uvw__7,1459,1389,82309,81438
Susar_quant_uvw__7,1459,1389,82311,81441
Susar_quant_uvw__7,1459,1389,82313,81444
Susar_quant_uvw__7,1459,1389,81296,81447
Susar_quant_uvw__7,1459,1389,81297,81450
Susar_quant_uvw__7,1459,1389,81298,81453
Susar_quant_uvw__7,1459,1389,81299,81456
Susar_quant_uvw__7,1459,1389,81300,81458
Susar_quant_uvw__7,1459,1389,81301,81461
Susar_quant_uvw__7,1459,1389,81302,81464
Susar_quant_uvw__7,1459,1389,81303,81467
Susar_quant_uvw__7,1459,1389,81304,81470
Susar_quant_uvw__7,1459,1389,81305,81473
Susar_quant_uvw__7,1459,1389,81306,81477
Susar_quant_uvw__7,1459,1389,81307,81480
Susar_quant_uvw__7,1459,1389,81308,81483
Susar_quant_uvw__7,1459,1389,81309,82083
Susar_quant_uvw__7,1459,1389,81310,82092
Susar_quant_uvw__7,1459,1389,81311,82094
Susar_quant_uvw__7,1459,1389,81312,82096
Susar_quant_uvw__7,1459,1389,81781,82098
Susar_quant_uvw__7,1459,1389,81783,82100
Susar_quant_uvw__7,1459,1389,81786,82103
Susar_quant_uvw__7,1459,1389,81788,82105
Susar_quant_uvw__7,1459,1389,81790,82107
Susar_quant_uvw__7,1459,1389,81792,82109
Susar_quant_uvw__7,1459,1389,81795,82111
Susar_quant_uvw__7,1459,1389,81797,82113
Susar_quant_uvw__7,1459,1389,81799,82116
Susar_quant_uvw__7,1459,1389,81802,82118
Susar_quant_uvw__7,1459,1389,81804,82120
Susar_quant_uvw__7,1459,1389,81806,82122
Susar_quant_uvw__7,1459,1389,81809,82124
Susar_quant_uvw__7,1459,1389,81811,82475
Susar_quant_uvw__7,1459,1389,81813,82476
Susar_quant_uvw__7,1459,1389,81815,82477
Susar_quant_uvw__7,1459,1389,81818,82478
Susar_quant_uvw__7,1459,1389,82315,82479
Susar_quant_uvw__7,1459,1389,82317,82480
Susar_quant_uvw__7,1459,1389,82319,82481
Susar_quant_uvw__7,1459,1389,82322,82482
Susar_quant_uvw__7,1459,1389,82324,82483
Susar_quant_uvw__7,1459,1389,82326,82484
Susar_quant_uvw__7,1459,1389,82328,82485
Susar_quant_uvw__7,1459,1389,82330,82486
Susar_quant_uvw__7,1459,1389,82332,82487
Susar_quant_uvw__7,1459,1389,82334,82488
Susar_quant_uvw__7,1459,1389,82337,82489
Susar_quant_uvw__7,1459,1389,82339,82490
Susar_quant_uvw__7,1459,1389,82341,82491
Susar_quant_uvw__7,1459,1389,82343,81194
Susar_quant_uvw__7,1459,1389,82345,81195
Susar_quant_uvw__7,1459,1389,82348,81196
Susar_quant_uvw__7,1459,1389,82350,81197
Susar_quant_uvw__7,1459,1389,81313,81198
Susar_quant_uvw__7,1459,1389,81314,81199
Susar_quant_uvw__7,1459,1389,81315,81200
Susar_quant_uvw__7,1459,1389,81316,81201
Susar_quant_uvw__7,1459,1389,81317,81202
Susar_quant_uvw__7,1459,1389,81318,81203
Susar_quant_uvw__7,1459,1389,81319,81204
Susar_quant_uvw__7,1459,1389,81320,81205
Susar_quant_uvw__7,1459,1389,81321,81206
Susar_quant_uvw__7,1459,1389,81322,81207
Susar_quant_uvw__7,1459,1389,81323,81208
Susar_quant_uvw__7,1459,1389,81324,81209
Susar_quant_uvw__7,1459,1389,81325,81210
Susar_quant_uvw__7,1459,1389,81326,81486
Susar_quant_uvw__7,1459,1389,81327,81489
Susar_quant_uvw__7,1459,1389,81328,81491
Susar_quant_uvw__7,1459,1389,81329,81494
Susar_quant_uvw__7,1459,1389,81820,81496
Susar_quant_uvw__7,1459,1389,81822,81499
Susar_quant_uvw__7,1459,1389,81825,81502
Susar_quant_uvw__7,1459,1389,81827,81504
Susar_quant_uvw__7,1459,1389,81829,81507
Susar_quant_uvw__7,1459,1389,81831,81510
Susar_quant_uvw__7,1459,1389,81834,81512
Susar_quant_uvw__7,1459,1389,81836,81515
Susar_quant_uvw__7,1459,1389,81838,81518
Susar_quant_uvw__7,1459,1389,81841,81520
Susar_quant_uvw__7,1459,1389,81843,81523
Susar_quant_uvw__7,1459,1389,81845,81526
Susar_quant_uvw__7,1459,1389,81847,81529
Susar_quant_uvw__7,1459,1389,81850,82126
Susar_quant_uvw__7,1459,1389,81852,82129
Susar_quant_uvw__7,1459,1389,81855,82131
Susar_quant_uvw__7,1459,1389,81857,82133
Susar_quant_uvw__7,1459,1389,82352,82136
Susar_quant_uvw__7,1459,1389,82354,82138
Susar_quant_uvw__7,1459,1389,82356,82140
Susar_quant_uvw__7,1459,1389,82358,82142
Susar_quant_uvw__7,1459,1389,82360,82144
Susar_quant_uvw__7,1459,1389,82361,82146
Susar_quant_uvw__7,1459,1389,82362,82149
Susar_quant_uvw__7,1459,1389,82363,82151
Susar_quant_uvw__7,1459,1389,82364,82153
Susar_quant_uvw__7,1459,1389,82365,82155
Susar_quant_uvw__7,1459,1389,82366,82158
Susar_quant_uvw__7,1459,1389,82367,82160
Susar_quant_uvw__7,1459,1389,82368,82162
Susar_quant_uvw__7,1459,1389,82369,82492
Susar_quant_uvw__7,1459,1389,82370,82493
Susar_quant_uvw__7,1459,1389,82371,82494
Susar_quant_uvw__7,1459,1389,82372,82495
Susar_quant_uvw__7,1459,1389,81330,82496
Susar_quant_uvw__7,1459,1389,81331,82497
Susar_quant_uvw__7,1459,1389,81332,82498
Susar_quant_uvw__7,1459,1389,81333,82499
Susar_quant_uvw__7,1459,1389,81334,82500
Susar_quant_uvw__7,1459,1389,81335,82501
Susar_quant_uvw__7,1459,1389,81336,82502
Susar_quant_uvw__7,1459,1389,81337,82503
Susar_quant_uvw__7,1459,1389,81338,82504
Susar_quant_uvw__7,1459,1389,81339,82505
Susar_quant_uvw__7,1459,1389,81340,82506
Susar_quant_uvw__7,1459,1389,81341,82507
Susar_quant_uvw__7,1459,1389,81342,82508
Susar_quant_uvw__7,1459,1389,81343,81211
Susar_quant_uvw__7,1459,1389,81344,81212
Susar_quant_uvw__7,1459,1389,81345,81213
Susar_quant_uvw__7,1459,1389,81346,81214
Susar_quant_uvw__7,1459,1389,81859,81215
Susar_quant_uvw__7,1459,1389,81861,81216
Susar_quant_uvw__7,1459,1389,81864,81217
Susar_quant_uvw__7,1459,1389,81866,81218
Susar_quant_uvw__7,1459,1389,81868,81219
Susar_quant_uvw__7,1459,1389,81871,81220
Susar_quant_uvw__7,1459,1389,81873,81221
Susar_quant_uvw__7,1459,1389,81875,81222
Susar_quant_uvw__7,1459,1389,81877,81223
Susar_quant_uvw__7,1459,1389,81880,81224
Susar_quant_uvw__7,1459,1389,81882,81225
Susar_quant_uvw__7,1459,1389,81884,81226
Susar_quant_uvw__7,1459,1389,81887,81227
Susar_quant_uvw__7,1459,1389,81889,81531
Susar_quant_uvw__7,1459,1389,81891,81534
Susar_quant_uvw__7,1459,1389,81894,81537
Susar_quant_uvw__7,1459,1389,81896,81540
Susar_quant_uvw__7,1459,1389,82373,81543
Susar_quant_uvw__7,1459,1389,82374,81545
Susar_quant_uvw__7,1459,1389,82375,81548
Susar_quant_uvw__7,1459,1389,82376,81550
Susar_quant_uvw__7,1459,1389,82377,81553
Susar_quant_uvw__7,1459,1389,82378,81556
Susar_quant_uvw__7,1459,1389,82379,81558
Susar_quant_uvw__7,1459,1389,82380,81561
Susar_quant_uvw__7,1459,1389,82381,81564
Susar_quant_uvw__7,1459,1389,82382,81566
Susar_quant_uvw__7,1459,1389,82383,81569
Susar_quant_uvw__7,1459,1389,82384,81572
Susar_quant_uvw__7,1459,1389,82385,81574
Susar_quant_uvw__7,1459,1389,82386,82164
Susar_quant_uvw__7,1459,1389,82387,82166
Susar_quant_uvw__7,1459,1389,82388,82168
Susar_quant_uvw__7,1459,1389,82389,82171
Susar_quant_uvw__7,1459,1389,81347,82173
Susar_quant_uvw__7,1459,1389,81348,82175
Susar_quant_uvw__7,1459,1389,81349,82177
Susar_quant_uvw__7,1459,1389,81350,82179
Susar_quant_uvw__7,1459,1389,81351,82181
Susar_quant_uvw__7,1459,1389,81352,82184
Susar_quant_uvw__7,1459,1389,81353,82186
Susar_quant_uvw__7,1459,1389,81354,82188
Susar_quant_uvw__7,1459,1389,81355,82190
Susar_quant_uvw__7,1459,1389,81356,82193
Susar_quant_uvw__7,1459,1389,81357,82195
Susar_quant_uvw__7,1459,1389,81358,82197
Susar_quant_uvw__7,1459,1389,81359,82199
Susar_quant_uvw__7,1459,1389,81360,82509
Susar_quant_uvw__7,1459,1389,81361,82510
Susar_quant_uvw__7,1459,1389,81362,82511
Susar_quant_uvw__7,1459,1389,81363,82512
Susar_quant_uvw__7,1459,1389,81898,82513
Susar_quant_uvw__7,1459,1389,81901,82514
Susar_quant_uvw__7,1459,1389,81903,82515
Susar_quant_uvw__7,1459,1389,81905,82516
Susar_quant_uvw__7,1459,1389,81908,82517
Susar_quant_uvw__7,1459,1389,81910,82518
Susar_quant_uvw__7,1459,1389,81912,82519
Susar_quant_uvw__7,1459,1389,81914,82520
Susar_quant_uvw__7,1459,1389,81917,82521
Susar_quant_uvw__7,1459,1389,81919,82522
Susar_quant_uvw__7,1459,1389,81921,82523
Susar_quant_uvw__7,1459,1389,81923,82524
